 temp:	  etot:	  ekin:	  epot:
  1.9182698E+09	  4.5549572E+07	  4.5560016E+07	  -10445.42    	   76.67365    
  1.3642618E+09	  3.2388468E+07	  3.2402004E+07	  -13536.33    	   75.06476    
   3474.595    	  -838.6270    	   82.52340    	  -921.1503    	   74.80974    
   3483.979    	  -857.5694    	   82.74627    	  -940.3157    	   73.44545    
   3481.463    	  -858.1220    	   82.68699    	  -940.8090    	   71.90432    
   3308.431    	  -877.6026    	   78.57690    	  -956.1795    	   71.33112    
   3470.781    	  -898.4039    	   82.43330    	  -980.8372    	   71.11720    
   3464.868    	  -900.5162    	   82.29237    	  -982.8086    	   71.07414    
   3460.169    	  -889.5637    	   82.18125    	  -971.7450    	   71.14514    
   3455.806    	  -898.4683    	   82.07764    	  -980.5460    	   70.91771    
   3446.324    	  -896.1555    	   81.85195    	  -978.0074    	   70.87497    
   3445.466    	  -896.6287    	   81.83204    	  -978.4608    	   71.04510    
   3438.689    	  -900.0653    	   81.67062    	  -981.7360    	   70.61978    
   3435.125    	  -897.2346    	   81.58643    	  -978.8210    	   70.63364    
   3428.812    	  -904.9309    	   81.43601    	  -986.3669    	   70.45012    
   3437.456    	  -840.3134    	   81.64179    	  -921.9552    	   71.20083    
   3417.888    	  -881.5629    	   81.17657    	  -962.7395    	   70.77464    
   3416.721    	  -900.3184    	   81.14933    	  -981.4678    	   70.40737    
   3409.854    	  -900.4470    	   80.98576    	  -981.4328    	   70.32278    
   3417.708    	  -913.2202    	   81.17278    	  -994.3929    	   70.13992    
   3399.990    	  -911.4885    	   80.75148    	  -992.2400    	   70.13974    
   3394.234    	  -905.8092    	   80.61479    	  -986.4240    	   70.25197    
   3389.652    	  -913.5417    	   80.50596    	  -994.0477    	   70.06939    
   3448.416    	  -899.6174    	   81.90211    	  -981.5195    	   70.42047    
   3380.474    	  -909.3341    	   80.28845    	  -989.6226    	   70.26553    
   3374.254    	  -907.8588    	   80.14025    	  -987.9991    	   70.34982    
   3370.433    	  -876.7341    	   80.04997    	  -956.7841    	   70.87227    
   3365.278    	  -908.1666    	   79.92753    	  -988.0941    	   70.23685    
   3360.735    	  -909.5911    	   79.81964    	  -989.4107    	   70.19444    
   3355.033    	  -910.0691    	   79.68421    	  -989.7533    	   70.20842    
   3350.216    	  -911.3113    	   79.56980    	  -990.8811    	   70.13804    
   3342.510    	  -908.8530    	   79.38630    	  -988.2393    	   70.20808    
   3340.614    	  -919.7920    	   79.34175    	  -999.1337    	   70.02556    
   3335.448    	  -920.3715    	   79.21905    	  -999.5905    	   70.06750    
   3329.182    	  -920.4578    	   79.06975    	  -999.5276    	   70.08134    
   3113.134    	  -902.2818    	   73.93849    	  -976.2203    	   70.50291    
   3320.269    	  -908.9812    	   78.85854    	  -987.8397    	   70.36188    
   3344.244    	  -913.1949    	   79.42798    	  -992.6229    	   70.06661    
   3687.939    	  -890.0010    	   87.59093    	  -977.5919    	   70.22067    
   3299.855    	  -877.9530    	   78.37323    	  -956.3262    	   70.96892    
   4931.248    	  -845.4566    	   117.1202    	  -962.5768    	   70.57231    
  7.0728032E+07	   1682450.    	   1679832.    	   2618.861    	   70.88335    
   3292.456    	  -896.9285    	   78.19798    	  -975.1265    	   70.74153    
   3285.178    	  -912.2061    	   78.02512    	  -990.2313    	   70.30404    
   1624753.    	   37184.85    	   38588.83    	  -1403.978    	   70.72700    
   3687.940    	  -868.1594    	   87.59095    	  -955.7503    	   71.09561    
   3269.733    	  -905.5076    	   77.65781    	  -983.1655    	   70.54298    
   3266.797    	  -907.5964    	   77.58855    	  -985.1849    	   70.54282    
   3261.148    	  -908.2135    	   77.45439    	  -985.6679    	   70.48621    
   3257.854    	  -902.9353    	   77.37616    	  -980.3115    	   70.50020    
   3249.551    	  -904.3324    	   77.17847    	  -981.5109    	   70.47177    
   3243.794    	  -904.5286    	   77.04175    	  -981.5703    	   70.42923    
   3241.865    	  -905.0691    	   76.99639    	  -982.0655    	   70.44296    
   3234.120    	  -905.4182    	   76.81198    	  -982.2302    	   70.41466    
   3230.688    	  -906.0986    	   76.73094    	  -982.8295    	   70.40052    
   3224.215    	  -923.4880    	   76.57674    	  -1000.065    	   70.10520    
   3181.478    	  -894.2737    	   75.56169    	  -969.8354    	   70.38612    
   3215.014    	  -916.4820    	   76.35867    	  -992.8406    	   70.11893    
   3210.399    	  -918.5153    	   76.24907    	  -994.7643    	   70.07671    
   3205.046    	  -923.8702    	   76.12193    	  -999.9922    	   70.16075    
   3200.263    	  -924.7074    	   76.00833    	  -1000.716    	   70.16045    
   3194.697    	  -924.8555    	   75.87566    	  -1000.731    	   70.18835    
   3189.270    	  -920.4763    	   75.74677    	  -996.2231    	   70.20224    
   3186.988    	  -914.0438    	   75.69303    	  -989.7369    	   70.41287    
   3334.308    	  -886.8539    	   79.19197    	  -966.0458    	   71.07787    
   3231.250    	  -884.9778    	   76.74429    	  -961.7221    	   71.19158    
   3170.408    	  -908.2983    	   75.29926    	  -983.5975    	   70.44061    
   3119.657    	  -902.7988    	   74.09343    	  -976.8923    	   70.44044    
   3160.175    	  -920.0907    	   75.05621    	  -995.1469    	   70.34171    
   3155.430    	  -917.7153    	   74.94353    	  -992.6588    	   70.25724    
   3149.493    	  -910.2215    	   74.80204    	  -985.0236    	   70.45419    
   3145.182    	  -922.0550    	   74.70013    	  -996.7551    	   70.10253    
   3140.355    	  -922.8535    	   74.58549    	  -997.4390    	   70.14431    
   3134.905    	  -920.3511    	   74.45557    	  -994.8067    	   70.14424    
   3130.004    	  -920.3288    	   74.33916    	  -994.6680    	   70.14415    
   3123.938    	  -921.0061    	   74.19509    	  -995.2012    	   70.15779    
   3197.368    	  -906.5132    	   75.93958    	  -982.4528    	   70.24186    
   3115.150    	  -916.9331    	   73.98686    	  -990.9200    	   70.24170    
   3110.213    	  -919.8512    	   73.86960    	  -993.7208    	   70.17144    
   3105.555    	  -917.6699    	   73.75897    	  -991.4289    	   70.17129    
   3100.646    	  -928.2700    	   73.64236    	  -1001.912    	   70.03082    
   3095.498    	  -925.8970    	   73.52011    	  -999.4171    	   70.04465    
   3090.962    	  -926.4509    	   73.41237    	  -999.8632    	   70.08653    
   3085.129    	  -926.9939    	   73.27384    	  -1000.268    	   70.11446    
   3081.321    	  -925.2529    	   73.18338    	  -998.4363    	   70.11433    
   3075.374    	  -925.8349    	   73.04215    	  -998.8771    	   70.10007    
   3070.271    	  -926.1199    	   72.92094    	  -999.0408    	   70.14198    
   3064.688    	  -925.7953    	   72.78787    	  -998.5831    	   70.18370    
   3060.427    	  -926.5906    	   72.68716    	  -999.2778    	   70.14130    
   3056.151    	  -917.5863    	   72.58560    	  -990.1719    	   70.29569    
   3050.757    	  -919.5331    	   72.45749    	  -991.9906    	   70.21117    
   3045.148    	  -931.8820    	   72.32427    	  -1004.206    	   70.04265    
   3040.137    	  -932.6698    	   72.20525    	  -1004.875    	   70.00063    
   3036.652    	  -925.9020    	   72.12247    	  -998.0245    	   70.21084    
   3199.965    	  -892.6548    	   76.00126    	  -968.6561    	   70.80300    
   3025.982    	  -807.0743    	   71.86905    	  -878.9434    	   73.16409    
   3020.480    	  -810.4017    	   71.73838    	  -882.1401    	   72.18984    
   3007.595    	  -810.9633    	   71.43188    	  -882.3951    	   71.77206    
   3004.934    	  -814.9746    	   71.36868    	  -886.3433    	   71.41381    
   3005.202    	  -814.6322    	   71.37552    	  -886.0077    	   71.51370    
   2996.156    	  -813.2911    	   71.16020    	  -884.4513    	   71.78579    
   3013.332    	  -813.0450    	   71.56861    	  -884.6136    	   71.59917    
   2986.004    	  -813.1937    	   70.91909    	  -884.1127    	   71.59898    
   2986.235    	  -816.6274    	   70.92505    	  -887.5525    	   71.54153    
   3115.876    	  -893.9459    	   74.00410    	  -967.9500    	   70.22279    
   2975.944    	  -915.5791    	   70.68062    	  -986.2597    	   69.83036    
   2970.050    	  -912.9960    	   70.54064    	  -983.5367    	   69.98409    
   2966.704    	  -915.1642    	   70.46118    	  -985.6254    	   69.92785    
   2958.603    	  -932.4794    	   70.26830    	  -1002.748    	   69.77404    
   2954.971    	  -932.8748    	   70.18204    	  -1003.057    	   69.74562    
   2949.701    	  -933.3104    	   70.05688    	  -1003.367    	   69.78734    
   2945.274    	  -933.6328    	   69.95220    	  -1003.585    	   69.77323    
   2939.523    	  -934.1474    	   69.81513    	  -1003.963    	   69.77323    
   2935.572    	  -934.4659    	   69.72177    	  -1004.188    	   69.75898    
   2928.325    	  -936.3251    	   69.54916    	  -1005.874    	   69.70301    
   2924.658    	  -936.2601    	   69.46209    	  -1005.722    	   69.67490    
   2921.104    	  -936.9488    	   69.37815    	  -1006.327    	   69.68841    
   2914.173    	  -936.9149    	   69.21307    	  -1006.128    	   69.74393    
   2910.156    	  -932.5282    	   69.11813    	  -1001.646    	   69.75774    
   2905.793    	  -932.7751    	   69.01450    	  -1001.790    	   69.77157    
   2900.192    	  -932.9539    	   68.88148    	  -1001.835    	   69.81322    
   2894.217    	  -933.2462    	   68.73908    	  -1001.985    	   69.78518    
   2889.950    	  -933.3667    	   68.63774    	  -1002.004    	   69.82700    
   2885.532    	  -933.7455    	   68.53330    	  -1002.279    	   69.81292    
   2940.951    	  -911.8640    	   69.84953    	  -981.7135    	   70.24696    
   119085.3    	   1857.752    	   2828.345    	  -970.5923    	   70.72613    
   2869.357    	  -818.2275    	   68.14865    	  -886.3762    	   72.57470    
   2873.121    	  -897.0523    	   68.23852    	  -965.2908    	   71.65135    
   2858.607    	  -914.8353    	   67.89333    	  -982.7286    	   70.48556    
   2855.619    	  -918.2391    	   67.82285    	  -986.0620    	   70.30228    
   24483.74    	  -453.8571    	   581.5032    	  -1035.360    	   70.28793    
   2845.126    	  -932.1722    	   67.57362    	  -999.7458    	   70.24560    
   2840.092    	  -928.8473    	   67.45407    	  -996.3013    	   70.44239    
   2837.077    	  -921.0497    	   67.38245    	  -988.4321    	   70.42814    
   2831.246    	  -922.1489    	   67.24397    	  -989.3928    	   70.38580    
   2823.565    	  -923.1844    	   67.06107    	  -990.2455    	   70.44187    
   2820.599    	  -924.8297    	   66.99109    	  -991.8208    	   70.32890    
   2814.142    	  -924.7710    	   66.83726    	  -991.6083    	   70.34287    
   2809.985    	  -925.9325    	   66.73853    	  -992.6710    	   70.32874    
   2806.981    	  -926.0954    	   66.66766    	  -992.7631    	   70.32861    
   2798.132    	  -924.4138    	   66.45702    	  -990.8708    	   70.30020    
   2796.829    	  -925.2437    	   66.42655    	  -991.6703    	   70.27190    
   2794.529    	  -934.5811    	   66.37193    	  -1000.953    	   70.28579    
   2786.121    	  -937.8910    	   66.17223    	  -1004.063    	   70.21536    
   2781.240    	  -938.8268    	   66.05630    	  -1004.883    	   70.25729    
   2774.872    	  -939.5876    	   65.90458    	  -1005.492    	   70.24297    
   2770.829    	  -939.9905    	   65.80902    	  -1005.799    	   70.20041    
   2764.884    	  -940.1650    	   65.66735    	  -1005.832    	   70.24228    
   2722.831    	  -929.1780    	   64.66858    	  -993.8466    	   70.34068    
   2755.302    	  -828.9624    	   65.44025    	  -894.4026    	   72.90473    
   2746.246    	  -832.8206    	   65.22469    	  -898.0452    	   71.80462    
   2747.520    	  -835.5369    	   65.25543    	  -900.7924    	   71.41770    
   2743.086    	  -834.9108    	   65.15012    	  -900.0610    	   71.31763    
   2732.547    	  -835.4391    	   64.89934    	  -900.3385    	   71.21766    
   2723.769    	  -838.3380    	   64.69085    	  -903.0289    	   71.14637    
   2729.196    	  -839.2662    	   64.82023    	  -904.0864    	   71.04661    
   2723.897    	  -835.6952    	   64.69437    	  -900.3896    	   71.16023    
   2711.927    	  -836.1550    	   64.40959    	  -900.5646    	   71.20273    
   2709.406    	  -838.3297    	   64.34972    	  -902.6794    	   71.00351    
   2709.042    	  -838.7153    	   64.34155    	  -903.0569    	   71.17401    
   2697.428    	  -837.8032    	   64.06525    	  -901.8684    	   71.20233    
   2686.823    	  -839.6628    	   63.81336    	  -903.4762    	   71.11665    
   2686.424    	  -840.5931    	   63.80388    	  -904.3970    	   71.13069    
   2686.960    	  -841.6888    	   63.81709    	  -905.5059    	   71.15903    
   2679.594    	  -843.3104    	   63.64166    	  -906.9520    	   71.10189    
   2671.860    	  -842.4353    	   63.45799    	  -905.8933    	   71.00227    
   2668.113    	  -841.6575    	   63.36899    	  -905.0264    	   71.07314    
   2666.453    	  -843.3381    	   63.33004    	  -906.6682    	   71.17261    
   2656.793    	  -838.5831    	   63.10012    	  -901.6832    	   71.11552    
   2651.334    	  -841.3482    	   62.97049    	  -904.3187    	   71.10120    
   2646.514    	  -843.6535    	   62.85600    	  -906.5095    	   71.03003    
   2641.905    	  -844.6557    	   62.74653    	  -907.4022    	   70.98715    
   2643.164    	  -842.8853    	   62.77690    	  -905.6622    	   70.95860    
   2629.702    	  -846.6331    	   62.45671    	  -909.0898    	   71.08632    
   2634.639    	  -843.3709    	   62.57442    	  -905.9453    	   71.04345    
   2620.272    	  -843.9957    	   62.23273    	  -906.2285    	   70.97231    
   2620.115    	  -847.9727    	   62.22950    	  -910.2021    	   70.98632    
   2612.808    	  -847.0269    	   62.05546    	  -909.0823    	   70.92937    
   2611.041    	  -845.7430    	   62.01397    	  -907.7570    	   71.17079    
   2604.603    	  -847.5585    	   61.86060    	  -909.4191    	   70.97153    
   2596.198    	  -846.4014    	   61.66097    	  -908.0623    	   71.01401    
   2595.090    	  -848.9683    	   61.63511    	  -910.6034    	   70.98545    
   2590.922    	  -845.8359    	   61.53613    	  -907.3720    	   71.05629    
   2585.367    	  -849.3167    	   61.40421    	  -910.7209    	   70.85741    
   2575.959    	  -849.9966    	   61.18027    	  -911.1769    	   70.85725    
   2572.671    	  -849.5962    	   61.10219    	  -910.6984    	   70.92794    
   2572.051    	  -849.3475    	   61.08794    	  -910.4355    	   70.98445    
   2562.538    	  -850.6941    	   60.86152    	  -911.5556    	   70.91338    
   2570.322    	  -850.9741    	   61.04687    	  -912.0209    	   70.91325    
   2553.184    	  -850.3817    	   60.63936    	  -911.0211    	   70.87048    
   2551.094    	  -850.2509    	   60.59021    	  -910.8411    	   70.94120    
   2542.003    	  -850.8958    	   60.37379    	  -911.2695    	   71.09731    
   2540.365    	  -855.0389    	   60.33537    	  -915.3743    	   70.88419    
   2537.000    	  -853.5986    	   60.25544    	  -913.8541    	   70.86984    
   2523.934    	  -852.6404    	   59.94466    	  -912.5851    	   70.96896    
   2526.641    	  -852.3220    	   60.00942    	  -912.3314    	   70.89785    
   2526.804    	  -854.9048    	   60.01329    	  -914.9181    	   70.74181    
   2511.583    	  -852.7896    	   59.65129    	  -912.4409    	   70.86903    
   2513.547    	  -854.2810    	   59.69844    	  -913.9794    	   70.81211    
   2506.658    	  -856.0081    	   59.53482    	  -915.5428    	   70.69862    
   2502.881    	  -856.2518    	   59.44512    	  -915.6970    	   71.01026    
   2484.177    	  -852.3072    	   59.00039    	  -911.3076    	   70.85400    
   2486.913    	  -856.9013    	   59.06538    	  -915.9667    	   70.76883    
   2487.170    	  -858.5773    	   59.07196    	  -917.6493    	   70.76865    
   2478.973    	  -858.2303    	   58.87680    	  -917.1072    	   70.65535    
   2477.711    	  -859.4117    	   58.84731    	  -918.2590    	   70.85334    
   2465.232    	  -857.5847    	   58.55045    	  -916.1352    	   70.83890    
   2463.567    	  -860.4176    	   58.51091    	  -918.9285    	   70.73957    
   2464.312    	  -856.5174    	   58.52907    	  -915.0464    	   70.88103    
   2451.072    	  -859.0654    	   58.21413    	  -917.2795    	   70.76752    
   2452.814    	  -860.3501    	   58.25599    	  -918.6061    	   70.71078    
   2445.130    	  -860.3134    	   58.07348    	  -918.3869    	   70.58339    
   2437.960    	  -859.5272    	   57.90273    	  -917.4299    	   70.78121    
   2433.877    	  -862.7637    	   57.80574    	  -920.5695    	   70.54064    
   2432.030    	  -860.2830    	   57.76236    	  -918.0453    	   70.68164    
   2423.335    	  -863.3861    	   57.55538    	  -920.9415    	   70.52608    
   2419.329    	  -863.4064    	   57.46022    	  -920.8666    	   70.56824    
   2420.891    	  -862.1627    	   57.49780    	  -919.6605    	   70.61047    
   2410.702    	  -864.6548    	   57.25580    	  -921.9106    	   70.66673    
   2410.479    	  -863.2485    	   57.25051    	  -920.4990    	   70.53946    
   2402.971    	  -862.9106    	   57.07219    	  -919.9828    	   70.72291    
   2395.857    	  -862.2484    	   56.90323    	  -919.1517    	   70.66615    
   2390.515    	  -864.8580    	   56.77635    	  -921.6344    	   70.70846    
   2389.845    	  -864.6602    	   56.76043    	  -921.4207    	   70.48233    
   2378.984    	  -863.1872    	   56.50200    	  -919.6892    	   70.65157    
   2370.291    	  -865.6799    	   56.29555    	  -921.9754    	   70.62314    
   2365.444    	  -864.2415    	   56.18042    	  -920.4219    	   70.72196    
   2362.984    	  -866.2524    	   56.12199    	  -922.3745    	   70.66523    
   2360.645    	  -866.6248    	   56.06691    	  -922.6917    	   70.67918    
   2355.222    	  -868.2083    	   55.93812    	  -924.1464    	   70.52364    
   2347.130    	  -867.5165    	   55.74546    	  -923.2620    	   70.56582    
   2339.522    	  -867.6441    	   55.56477    	  -923.2089    	   70.53742    
   2347.602    	  -868.0966    	   55.75714    	  -923.8537    	   70.57957    
   2335.501    	  -867.2311    	   55.46973    	  -922.7008    	   70.60764    
   2331.607    	  -870.0148    	   55.37726    	  -925.3921    	   70.52279    
   2326.405    	  -869.1744    	   55.25369    	  -924.4281    	   70.63557    
   2321.461    	  -868.9850    	   55.13628    	  -924.1213    	   70.59303    
   2315.773    	  -870.8313    	   55.00119    	  -925.8325    	   70.53630    
   2312.322    	  -869.9150    	   54.91922    	  -924.8342    	   70.52204    
   2311.459    	  -870.6918    	   54.89874    	  -925.5906    	   70.69139    
   2307.612    	  -870.6050    	   54.80735    	  -925.4124    	   70.62057    
   2290.626    	  -870.9193    	   54.40345    	  -925.3227    	   70.54984    
   2291.149    	  -921.7986    	   54.41635    	  -976.2149    	   70.05741    
   2290.335    	  -934.6512    	   54.39703    	  -989.0483    	   69.83338    
   2225.399    	  -940.9194    	   52.85427    	  -993.7737    	   69.74944    
   2336.349    	  -913.9185    	   55.48987    	  -969.4083    	   70.30959    
   2270.581    	  -943.7869    	   53.92785    	  -997.7147    	   69.72121    
   2264.296    	  -942.5658    	   53.77810    	  -996.3439    	   69.93056    
   2260.617    	  -943.6605    	   53.69119    	  -997.3517    	   69.88838    
   2256.513    	  -929.9986    	   53.59372    	  -983.5923    	   70.16842    
   1981553.    	   46077.39    	   47063.02    	  -985.6262    	   70.37914    
   2246.365    	  -944.7562    	   53.35271    	  -998.1089    	   69.94395    
   2240.580    	  -946.6196    	   53.21531    	  -999.8350    	   69.83199    
   2234.796    	  -947.4227    	   53.07747    	  -1000.500    	   69.80401    
   2231.834    	  -948.0630    	   53.00759    	  -1001.071    	   69.83179    
   2249.492    	  -933.9250    	   53.42698    	  -987.3520    	   70.23785    
   2222.748    	  -943.4698    	   52.79179    	  -996.2617    	   70.05528    
   2212.112    	  -865.3531    	   52.53870    	  -917.8918    	   71.92955    
   2211.021    	  -936.7394    	   52.51326    	  -989.2526    	   70.73080    
   2203.954    	  -941.9366    	   52.34493    	  -994.2815    	   70.50462    
   2199.929    	  -942.8990    	   52.24936    	  -995.1484    	   70.57484    
   2196.198    	  -943.9171    	   52.16120    	  -996.0782    	   70.57469    
   2190.870    	  -944.8330    	   52.03468    	  -996.8677    	   70.53227    
   2186.422    	  -953.3740    	   51.92903    	  -1005.303    	   70.36286    
   2181.380    	  -954.3983    	   51.80928    	  -1006.208    	   70.34859    
   2175.057    	  -950.1833    	   51.65910    	  -1001.842    	   70.50340    
   2169.558    	  -950.9501    	   51.52802    	  -1002.478    	   70.37636    
   2164.992    	  -951.6254    	   51.41957    	  -1003.045    	   70.31995    
   2159.215    	  -951.6451    	   51.28236    	  -1002.927    	   70.31985    
   2154.881    	  -952.5914    	   51.17944    	  -1003.771    	   70.19333    
   2149.692    	  -952.8085    	   51.05619    	  -1003.865    	   70.27737    
   2144.878    	  -952.5121    	   50.94185    	  -1003.454    	   70.26307    
   2140.419    	  -952.9376    	   50.83643    	  -1003.774    	   70.26292    
   2134.359    	  -953.2991    	   50.69202    	  -1003.991    	   70.26289    
   2129.992    	  -953.8223    	   50.58831    	  -1004.411    	   70.20626    
   2124.697    	  -954.0223    	   50.46253    	  -1004.485    	   70.22022    
   2119.127    	  -953.4741    	   50.33025    	  -1003.804    	   70.24819    
  4.4569994E+09	  1.0584070E+08	  1.0585631E+08	  -15612.27    	   70.26204    
   2115.630    	  -874.3696    	   50.24768    	  -924.6173    	   72.35851    
   2103.635    	  -880.6418    	   49.96232    	  -930.6042    	   71.28091    
   2096.880    	  -883.7451    	   49.80187    	  -933.5469    	   70.84013    
   2093.156    	  -887.1015    	   49.71342    	  -936.8149    	   70.35987    
   2091.015    	  -888.7540    	   49.66306    	  -938.4171    	   70.20509    
   2083.066    	  -889.6649    	   49.47379    	  -939.1387    	   70.21892    
   2081.871    	  -888.7179    	   49.44587    	  -938.1638    	   70.31715    
   2075.604    	  -889.9958    	   49.29704    	  -939.2929    	   70.26079    
   2068.516    	  -890.8777    	   49.12822    	  -940.0059    	   70.19038    
   2066.734    	  -890.5397    	   49.08637    	  -939.6260    	   70.24632    
   2065.683    	  -891.4082    	   49.06141    	  -940.4696    	   70.21796    
   2056.764    	  -889.4372    	   48.84957    	  -938.2867    	   70.25997    
   2046.459    	  -889.5518    	   48.60435    	  -938.1562    	   70.27390    
   2043.083    	  -892.3574    	   48.52416    	  -940.8816    	   70.21752    
   2040.912    	  -891.6375    	   48.47309    	  -940.1105    	   70.25951    
   2037.919    	  -891.1491    	   48.40200    	  -939.5511    	   70.34377    
   2033.012    	  -892.7540    	   48.28544    	  -941.0394    	   70.23110    
   2025.647    	  -895.1994    	   48.11052    	  -943.3099    	   70.10454    
   2020.384    	  -895.9404    	   47.98552    	  -943.9259    	   70.04825    
   2014.923    	  -896.4637    	   47.85535    	  -944.3190    	   70.17435    
   2010.033    	  -895.3470    	   47.73967    	  -943.0867    	   70.20235    
   2004.400    	  -897.4293    	   47.60543    	  -945.0347    	   70.10403    
   1999.373    	  -896.9047    	   47.48603    	  -944.3907    	   70.01983    
   1995.698    	  -898.6600    	   47.39921    	  -946.0592    	   69.94965    
   1990.377    	  -897.9943    	   47.27285    	  -945.2672    	   70.04750    
   1987.125    	  -897.2386    	   47.19560    	  -944.4342    	   70.10331    
   1977.594    	  -897.9838    	   46.96875    	  -944.9525    	   70.18736    
   1974.376    	  -898.1279    	   46.89233    	  -945.0202    	   70.17312    
   1968.370    	  -897.9865    	   46.74968    	  -944.7362    	   70.08865    
   1968.982    	  -899.1146    	   46.76471    	  -945.8793    	   70.04642    
   1958.388    	  -898.8345    	   46.51261    	  -945.3471    	   70.15843    
   1954.961    	  -900.0419    	   46.43121    	  -946.4731    	   70.06015    
   1951.961    	  -901.9047    	   46.36044    	  -948.2651    	   69.94798    
   1943.550    	  -899.7018    	   46.16019    	  -945.8620    	   70.04590    
   1946.605    	  -901.7388    	   46.23324    	  -947.9720    	   69.89168    
   1931.526    	  -900.1361    	   45.87462    	  -946.0107    	   69.96143    
   1935.990    	  -901.8015    	   45.98113    	  -947.7827    	   69.90530    
   1925.515    	  -902.3763    	   45.73232    	  -948.1086    	   70.03107    
   1914.959    	  -903.3823    	   45.48114    	  -948.8635    	   69.84891    
   1915.035    	  -903.8849    	   45.48342    	  -949.3683    	   69.86272    
   1912.445    	  -903.6985    	   45.42192    	  -949.1204    	   69.96041    
   1905.283    	  -903.7150    	   45.25181    	  -948.9669    	   69.84839    
   1898.534    	  -906.3923    	   45.09105    	  -951.4834    	   69.84823    
   1891.094    	  -905.9101    	   44.91434    	  -950.8245    	   70.00193    
   1890.148    	  -904.4214    	   44.89235    	  -949.3137    	   69.86190    
   1883.678    	  -904.5121    	   44.73820    	  -949.2503    	   69.88967    
   1879.571    	  -904.6089    	   44.64066    	  -949.2496    	   69.93142    
   1874.437    	  -906.4111    	   44.51872    	  -950.9299    	   69.88931    
   1869.551    	  -907.6140    	   44.40267    	  -952.0166    	   69.81934    
   1869.212    	  -908.1631    	   44.39511    	  -952.5582    	   69.80524    
   1858.445    	  -908.5931    	   44.13890    	  -952.7321    	   69.90285    
   1852.704    	  -907.8640    	   44.00254    	  -951.8665    	   69.91660    
   1846.799    	  -909.4799    	   43.86230    	  -953.3422    	   69.80461    
   1843.054    	  -907.7781    	   43.77337    	  -951.5515    	   70.04219    
   1841.616    	  -909.1271    	   43.73969    	  -952.8668    	   69.91607    
   1837.238    	  -910.1579    	   43.63570    	  -953.7936    	   69.81801    
   1831.093    	  -911.1558    	   43.48975    	  -954.6456    	   69.90170    
   1828.206    	  -910.8241    	   43.42120    	  -954.2453    	   69.80355    
   1824.402    	  -912.2111    	   43.33085    	  -955.5419    	   69.85932    
   1814.760    	  -912.4805    	   43.10137    	  -955.5819    	   69.73354    
   1805.931    	  -912.0338    	   42.89165    	  -954.9254    	   69.85902    
   1800.664    	  -911.1267    	   42.76657    	  -953.8933    	   69.95673    
   1803.070    	  -912.8446    	   42.82419    	  -955.6688    	   69.77489    
   1792.996    	  -912.4667    	   42.58445    	  -955.0512    	   69.88644    
   1790.237    	  -912.6105    	   42.51941    	  -955.1299    	   69.84433    
   1783.093    	  -913.8894    	   42.34925    	  -956.2386    	   69.77437    
   1780.267    	  -915.3762    	   42.28262    	  -957.6588    	   69.69057    
   1776.029    	  -915.4224    	   42.18195    	  -957.6044    	   69.80205    
   1769.551    	  -916.0502    	   42.02761    	  -958.0778    	   69.77396    
   1766.101    	  -917.2601    	   41.94616    	  -959.2063    	   69.56480    
   1760.467    	  -915.5384    	   41.81234    	  -957.3507    	   69.63422    
   1746.648    	  -916.3792    	   41.48367    	  -957.8629    	   69.71759    
   1750.749    	  -916.2025    	   41.58153    	  -957.7840    	   69.77317    
   1748.965    	  -915.2549    	   41.53916    	  -956.7941    	   69.71721    
   1740.136    	  -916.5384    	   41.32946    	  -957.8679    	   69.67514    
   1730.129    	  -917.7664    	   41.09132    	  -958.8577    	   69.70286    
   1734.129    	  -912.2829    	   41.18681    	  -953.4697    	   69.60514    
   1725.836    	  -914.1145    	   40.98984    	  -955.1043    	   70.20618    
   1720.645    	  -917.7293    	   40.86654    	  -958.5958    	   69.93959    
   1716.866    	  -918.1813    	   40.77680    	  -958.9581    	   69.81362    
   1708.816    	  -912.8491    	   40.58513    	  -953.4343    	   70.13535    
   1709.323    	  -912.5436    	   40.59766    	  -953.1413    	   70.19138    
   1701.782    	  -916.4886    	   40.41855    	  -956.9072    	   70.02290    
   1698.799    	  -918.8647    	   40.34771    	  -959.2125    	   69.92471    
   1691.154    	  -921.5994    	   40.16611    	  -961.7655    	   69.68707    
   1683.703    	  -922.5463    	   39.98869    	  -962.5350    	   69.75668    
   1681.563    	  -922.1516    	   39.93832    	  -962.0899    	   69.84032    
   1674.186    	  -922.0240    	   39.76265    	  -961.7867    	   69.84010    
   1672.316    	  -922.2840    	   39.71871    	  -962.0027    	   69.74226    
   1663.341    	  -922.0930    	   39.50507    	  -961.5980    	   69.78395    
   1657.105    	  -922.4165    	   39.35696    	  -961.7734    	   69.79781    
   1655.639    	  -922.8528    	   39.32261    	  -962.1755    	   69.76978    
   1624.607    	  -952.7394    	   38.58513    	  -991.3246    	   69.64413    
   1646.917    	  -920.7230    	   39.11547    	  -959.8385    	   69.69967    
   1639.713    	  -923.9697    	   38.94388    	  -962.9136    	   69.69949    
   1635.302    	  -925.9355    	   38.83961    	  -964.7751    	   69.74109    
   1629.229    	  -925.3287    	   38.69489    	  -964.0236    	   69.58761    
   1622.942    	  -927.5399    	   38.54558    	  -966.0854    	   69.65708    
   1622.166    	  -927.8109    	   38.52761    	  -966.3384    	   69.60117    
   1612.292    	  -926.9867    	   38.29263    	  -965.2793    	   69.67064    
   1607.674    	  -927.8988    	   38.18295    	  -966.0818    	   69.69833    
   1602.600    	  -928.2466    	   38.06244    	  -966.3091    	   69.69810    
   1600.757    	  -930.3496    	   38.01915    	  -968.3688    	   69.51687    
   1593.838    	  -930.7662    	   37.85433    	  -968.6205    	   69.58624    
   1590.597    	  -928.6914    	   37.77783    	  -966.4692    	   69.66975    
   1586.315    	  -930.8002    	   37.67615    	  -968.4763    	   69.43311    
   1580.341    	  -931.2709    	   37.53426    	  -968.8052    	   69.47463    
   1574.569    	  -931.0259    	   37.39670    	  -968.4225    	   69.59969    
   1566.754    	  -931.4612    	   37.21108    	  -968.6722    	   69.54383    
   1564.254    	  -932.1046    	   37.15170    	  -969.2563    	   69.52969    
   1558.598    	  -931.8304    	   37.01736    	  -968.8478    	   69.57118    
   1553.070    	  -933.1008    	   36.88607    	  -969.9869    	   69.54318    
   1550.349    	  -933.5159    	   36.82191    	  -970.3378    	   69.54285    
   1546.065    	  -932.9749    	   36.72017    	  -969.6950    	   69.69584    
   1538.009    	  -930.9739    	   36.52836    	  -967.5023    	   69.64000    
   1535.050    	  -931.9969    	   36.45856    	  -968.4555    	   69.65370    
   1529.027    	  -935.2574    	   36.31504    	  -971.5725    	   69.61172    
   1529.884    	  -934.4732    	   36.33586    	  -970.8091    	   69.66718    
   1518.928    	  -935.1125    	   36.07517    	  -971.1877    	   69.68089    
   1515.164    	  -935.5287    	   35.98625    	  -971.5150    	   69.59718    
   1509.563    	  -936.9703    	   35.85277    	  -972.8231    	   69.65269    
   1504.135    	  -937.3421    	   35.72383    	  -973.0659    	   69.52724    
   1502.806    	  -936.9136    	   35.69275    	  -972.6064    	   69.56881    
   1493.832    	  -938.4629    	   35.47913    	  -973.9420    	   69.48506    
   1489.630    	  -938.9590    	   35.37932    	  -974.3383    	   69.56841    
   1485.204    	  -938.9213    	   35.27469    	  -974.1960    	   69.66573    
   1483.846    	  -939.5696    	   35.24243    	  -974.8120    	   69.56813    
   1476.519    	  -939.3785    	   35.06842    	  -974.4469    	   69.56796    
   1472.123    	  -940.7448    	   34.96402    	  -975.7088    	   69.51219    
   1462.937    	  -941.6083    	   34.74537    	  -976.3536    	   69.42865    
   1459.554    	  -940.6200    	   34.66500    	  -975.2850    	   69.51188    
   1457.143    	  -942.5233    	   34.60822    	  -977.1315    	   69.49781    
   1451.427    	  -944.0277    	   34.47247    	  -978.5002    	   69.48382    
   1443.268    	  -941.8633    	   34.27820    	  -976.1415    	   69.53926    
   1442.083    	  -943.5898    	   34.25054    	  -977.8404    	   69.51125    
   1436.100    	  -943.4941    	   34.10844    	  -977.6025    	   69.41389    
   1429.606    	  -943.6201    	   33.95372    	  -977.5739    	   69.45538    
   1427.593    	  -945.5051    	   33.90640    	  -979.4116    	   69.44125    
   1418.942    	  -945.8257    	   33.70045    	  -979.5262    	   69.45493    
   1416.028    	  -945.8162    	   33.63171    	  -979.4479    	   69.37138    
   1415.370    	  -945.6518    	   33.61609    	  -979.2679    	   69.38493    
   1402.845    	  -945.7111    	   33.31815    	  -979.0292    	   69.37085    
   1403.920    	  -946.0101    	   33.34416    	  -979.3543    	   69.38448    
   1395.625    	  -946.0989    	   33.14713    	  -979.2460    	   69.31506    
   1391.455    	  -947.3083    	   33.04810    	  -980.3564    	   69.27333    
   1381.603    	  -947.5585    	   32.81362    	  -980.3721    	   69.27315    
   1380.145    	  -947.3513    	   32.77949    	  -980.1307    	   69.39777    
   1373.946    	  -949.3279    	   32.63177    	  -981.9597    	   69.38366    
   1373.629    	  -947.9229    	   32.62471    	  -980.5475    	   69.43903    
   1365.795    	  -948.9769    	   32.43866    	  -981.4155    	   69.28625    
   1360.201    	  -950.8561    	   32.30579    	  -983.1619    	   69.27223    
   1357.307    	  -951.4177    	   32.23708    	  -983.6547    	   69.27213    
   1350.742    	  -949.9697    	   32.08115    	  -982.0508    	   69.27205    
   1345.814    	  -951.0789    	   31.96410    	  -983.0430    	   69.29943    
   1336.567    	  -951.7504    	   31.74401    	  -983.4944    	   69.31321    
   1335.473    	  -952.1783    	   31.71850    	  -983.8969    	   69.22992    
   1333.021    	  -952.1534    	   31.66026    	  -983.8137    	   69.27123    
   1325.225    	  -952.4735    	   31.47509    	  -983.9486    	   69.35419    
   1320.604    	  -952.9329    	   31.36535    	  -984.2983    	   69.27079    
   1312.821    	  -954.1603    	   31.18002    	  -985.3403    	   69.27063    
   1309.608    	  -953.5727    	   31.10370    	  -984.6764    	   69.38145    
   1304.558    	  -954.4901    	   30.98377    	  -985.4738    	   69.32583    
   1302.235    	  -956.0540    	   30.92907    	  -986.9830    	   69.21478    
   1295.066    	  -955.2357    	   30.75880    	  -985.9944    	   69.35329    
   1288.752    	  -955.7831    	   30.60837    	  -986.3915    	   69.28388    
   1283.557    	  -956.8240    	   30.48499    	  -987.3090    	   69.31145    
   1279.149    	  -956.5726    	   30.38029    	  -986.9529    	   69.22806    
   1276.613    	  -957.7972    	   30.32053    	  -988.1177    	   69.25560    
   1271.690    	  -957.1616    	   30.20361    	  -987.3652    	   69.28304    
   1265.766    	  -958.2209    	   30.06292    	  -988.2839    	   69.26897    
   1260.210    	  -958.1646    	   29.93095    	  -988.0956    	   69.28278    
   1251.961    	  -959.6136    	   29.73457    	  -989.3482    	   69.22726    
   1252.438    	  -959.4485    	   29.74635    	  -989.1949    	   69.21317    
   1245.917    	  -958.2552    	   29.59150    	  -987.8467    	   69.28224    
   1239.572    	  -959.0682    	   29.44030    	  -988.5085    	   69.22669    
   1233.540    	  -959.7070    	   29.29705    	  -989.0040    	   69.25423    
   1231.534    	  -959.8920    	   29.24988    	  -989.1419    	   69.21255    
   1221.017    	  -959.2274    	   28.99963    	  -988.2270    	   69.21249    
   1218.495    	  -960.6012    	   28.93973    	  -989.5409    	   69.21230    
   1216.533    	  -961.7472    	   28.89360    	  -990.6408    	   69.18446    
   1206.020    	  -961.5083    	   28.64343    	  -990.1517    	   69.22582    
   1205.322    	  -962.1254    	   28.62733    	  -990.7527    	   69.18418    
   1200.500    	  -963.8461    	   28.51281    	  -992.3589    	   69.18407    
   1195.893    	  -962.1345    	   28.40339    	  -990.5378    	   69.23921    
   1192.941    	  -963.0434    	   28.33327    	  -991.3766    	   69.21129    
   1185.517    	  -963.8076    	   28.15696    	  -991.9645    	   69.19725    
   1181.466    	  -963.5215    	   28.06073    	  -991.5822    	   69.19709    
   1176.021    	  -964.0766    	   27.93142    	  -992.0080    	   69.25233    
   1169.387    	  -956.3781    	   27.77339    	  -984.1515    	   69.68290    
   1163.574    	  -957.8740    	   27.63531    	  -985.5093    	   69.44614    
   1161.159    	  -960.3214    	   27.57843    	  -987.8998    	   69.41818    
   1153.874    	  -960.7505    	   27.40493    	  -988.1555    	   69.48753    
   1149.047    	  -962.2001    	   27.29029    	  -989.4904    	   69.39023    
   1144.171    	  -963.1594    	   27.17447    	  -990.3339    	   69.37611    
   1141.449    	  -963.7110    	   27.11031    	  -990.8213    	   69.37594    
   1134.426    	  -964.5884    	   26.94303    	  -991.5314    	   69.40338    
   1131.187    	  -965.7336    	   26.86658    	  -992.6002    	   69.36147    
   1127.398    	  -966.5984    	   26.77659    	  -993.3750    	   69.34741    
   1122.097    	  -965.5828    	   26.65070    	  -992.2335    	   69.30572    
   1117.900    	  -966.8285    	   26.55101    	  -993.3795    	   69.31941    
   1109.418    	  -967.7466    	   26.34907    	  -994.0957    	   69.34709    
   1106.482    	  -967.3669    	   26.27983    	  -993.6467    	   69.30530    
   1104.344    	  -968.1278    	   26.22905    	  -994.3569    	   69.36063    
   1094.580    	  -968.1315    	   25.99667    	  -994.1281    	   69.31894    
   1090.695    	  -969.0726    	   25.90488    	  -994.9775    	   69.37433    
   1087.639    	  -969.9248    	   25.83229    	  -995.7571    	   69.31871    
   1078.924    	  -969.9712    	   25.62482    	  -995.5960    	   69.31857    
   1072.274    	  -969.5744    	   25.46690    	  -995.0413    	   69.41556    
   1072.215    	  -970.6505    	   25.46597    	  -996.1164    	   69.33207    
   1067.996    	  -971.4174    	   25.36575    	  -996.7831    	   69.35968    
   1055.885    	  -971.2590    	   25.07764    	  -996.3367    	   69.40123    
   1057.599    	  -970.8889    	   25.11883    	  -996.0078    	   69.37328    
   1049.524    	  -971.2535    	   24.92657    	  -996.1801    	   69.35931    
   1045.104    	  -972.7943    	   24.82206    	  -997.6163    	   69.35913    
   1038.733    	  -972.1455    	   24.67027    	  -996.8158    	   69.33111    
   1038.564    	  -973.6959    	   24.66673    	  -998.3626    	   69.34485    
   1030.080    	  -968.1613    	   24.46523    	  -992.6265    	   69.51128    
   1024.299    	  -971.5624    	   24.32747    	  -995.8898    	   69.30291    
   1020.858    	  -972.4684    	   24.24621    	  -996.7146    	   69.26106    
   1015.036    	  -973.2525    	   24.10793    	  -997.3604    	   69.23322    
   1009.867    	  -973.2554    	   23.98470    	  -997.2401    	   69.26072    
   1002.645    	  -974.4398    	   23.81316    	  -998.2529    	   69.19134    
   1000.865    	  -974.2383    	   23.77137    	  -998.0096    	   69.24651    
   994.2034    	  -975.7211    	   23.61267    	  -999.3338    	   69.20472    
   988.6064    	  -975.4182    	   23.47973    	  -998.8979    	   69.13541    
   987.2322    	  -976.1165    	   23.44757    	  -999.5641    	   69.13531    
   981.2703    	  -975.7221    	   23.30597    	  -999.0281    	   69.17655    
   975.3265    	  -976.6296    	   23.16481    	  -999.7944    	   69.17641    
   972.9969    	  -977.4412    	   23.10948    	  -1000.551    	   69.13468    
   966.3084    	  -977.1234    	   22.95062    	  -1000.074    	   69.12074    
   958.6622    	  -976.8842    	   22.76854    	  -999.6527    	   69.17590    
   955.2183    	  -977.5764    	   22.68723    	  -1000.264    	   69.21726    
   947.8724    	  -977.4937    	   22.51228    	  -1000.006    	   69.23078    
   944.5349    	  -978.5183    	   22.43301    	  -1000.951    	   69.17520    
   939.5226    	  -979.3934    	   22.31397    	  -1001.707    	   69.18900    
   935.7035    	  -979.6276    	   22.22374    	  -1001.851    	   69.17503    
   929.9352    	  -979.9965    	   22.08626    	  -1002.083    	   69.20258    
   925.3851    	  -975.3938    	   21.97867    	  -997.3725    	   69.34088    
   921.0432    	  -976.4656    	   21.87555    	  -998.3411    	   69.27135    
   914.8253    	  -978.6425    	   21.72739    	  -1000.370    	   69.27121    
   908.8835    	  -978.5148    	   21.58627    	  -1000.101    	   69.27108    
   904.0654    	  -979.4684    	   21.47184    	  -1000.940    	   69.28471    
   896.7407    	  -980.0109    	   21.29787    	  -1001.309    	   69.27060    
   895.3506    	  -980.4260    	   21.26533    	  -1001.691    	   69.29806    
   889.8223    	  -980.7720    	   21.13355    	  -1001.906    	   69.28404    
   884.2844    	  -981.6863    	   21.00203    	  -1002.688    	   69.27000    
   881.2844    	  -982.4164    	   20.93125    	  -1003.348    	   69.24209    
   873.5132    	  -982.2948    	   20.74621    	  -1003.041    	   69.24197    
   873.4775    	  -981.7928    	   20.74583    	  -1002.539    	   69.24181    
   863.3950    	  -982.3623    	   20.50589    	  -1002.868    	   69.22788    
   861.0809    	  -982.5476    	   20.45141    	  -1002.999    	   69.22770    
   853.8979    	  -980.6566    	   20.28033    	  -1000.937    	   69.29672    
   850.4827    	  -981.7093    	   20.19969    	  -1001.909    	   69.32427    
   841.8926    	  -982.7451    	   19.99520    	  -1002.740    	   69.28251    
   842.5866    	  -983.4857    	   20.01216    	  -1003.498    	   69.25468    
   834.3059    	  -984.7817    	   19.81501    	  -1004.597    	   69.19903    
   828.4978    	  -984.8801    	   19.67706    	  -1004.557    	   69.21252    
   824.0374    	  -985.0118    	   19.57113    	  -1004.583    	   69.24016    
   819.5073    	  -985.2093    	   19.46353    	  -1004.673    	   69.26773    
   814.4210    	  -985.9592    	   19.34273    	  -1005.302    	   69.25375    
   810.7813    	  -986.2768    	   19.25676    	  -1005.534    	   69.19817    
   805.2612    	  -1001.440    	   19.12565    	  -1020.565    	   69.05977    
   800.4988    	  -1001.734    	   19.01255    	  -1020.747    	   69.07323    
   795.8123    	  -1001.945    	   18.90124    	  -1020.847    	   69.04522    
   790.5525    	  -1001.820    	   18.77632    	  -1020.596    	   69.08611    
   785.0654    	  -994.7972    	   18.64600    	  -1013.443    	   69.12746    
   779.7805    	  -995.5037    	   18.52000    	  -1014.024    	   69.12727    
   773.0134    	  -1005.760    	   18.35928    	  -1024.119    	   69.01663    
   768.0352    	  -984.7988    	   18.24104    	  -1003.040    	   69.32088    
   766.0401    	  -986.4183    	   18.19413    	  -1004.612    	   69.29306    
   761.3981    	  -987.4529    	   18.08388    	  -1005.537    	   69.25140    
   753.4458    	  -988.3965    	   17.89454    	  -1006.291    	   69.26503    
   748.7845    	  -989.3947    	   17.78383    	  -1007.179    	   69.25100    
   745.6633    	  -986.7600    	   17.71017    	  -1004.470    	   69.30618    
   739.3426    	  -988.8985    	   17.55958    	  -1006.458    	   69.27827    
   734.7735    	  -987.2708    	   17.45106    	  -1004.722    	   69.36135    
   730.6157    	  -989.1881    	   17.35278    	  -1006.541    	   69.23640    
   724.3900    	  -989.4983    	   17.20444    	  -1006.703    	   69.23635    
   721.9815    	  -990.4251    	   17.14772    	  -1007.573    	   69.22244    
   715.0802    	  -991.4142    	   16.98381    	  -1008.398    	   69.27766    
   710.1448    	  -990.7893    	   16.86659    	  -1007.656    	   69.31915    
   703.4031    	  -991.8932    	   16.70599    	  -1008.599    	   69.27750    
   695.8837    	  -998.5305    	   16.52740    	  -1015.058    	   69.22202    
   695.3085    	  -991.4765    	   16.51422    	  -1007.991    	   69.26340    
   690.6516    	  -992.1566    	   16.40361    	  -1008.560    	   69.26326    
   682.0229    	  -993.0069    	   16.19820    	  -1009.205    	   69.30466    
   678.7906    	  -993.1368    	   16.12143    	  -1009.258    	   69.30455    
   674.3720    	  -993.0728    	   16.01649    	  -1009.089    	   69.31818    
   668.9948    	  -994.4272    	   15.88878    	  -1010.316    	   69.23488    
   664.5687    	  -993.9902    	   15.78365    	  -1009.774    	   69.30404    
   658.6876    	  -994.5320    	   15.64397    	  -1010.176    	   69.30379    
   656.5713    	  -994.6134    	   15.59418    	  -1010.208    	   69.26215    
   648.2009    	  -995.3248    	   15.39491    	  -1010.720    	   69.27586    
   646.0070    	  -996.0863    	   15.34328    	  -1011.430    	   69.23422    
   640.9570    	  -1003.359    	   15.22334    	  -1018.582    	   69.15092    
   635.4092    	  -995.1166    	   15.09157    	  -1010.208    	   69.30293    
   629.3765    	  -996.4579    	   14.94782    	  -1011.406    	   69.28883    
   625.1677    	  -996.5964    	   14.84833    	  -1011.445    	   69.26103    
   618.6334    	  -997.1516    	   14.69266    	  -1011.844    	   69.27486    
   614.9901    	  -997.0187    	   14.60661    	  -1011.625    	   69.30239    
   610.5532    	  -997.7523    	   14.50123    	  -1012.253    	   69.26057    
   604.7072    	  -997.9575    	   14.36191    	  -1012.319    	   69.26033    
   601.2443    	  -998.7910    	   14.28014    	  -1013.071    	   69.32957    
   594.4796    	  -998.8466    	   14.11900    	  -1012.966    	   69.30173    
   590.0800    	  -998.6672    	   14.01498    	  -1012.682    	   69.25993    
   585.6331    	  -999.4041    	   13.90936    	  -1013.313    	   69.28758    
   580.3736    	  -999.9487    	   13.78445    	  -1013.733    	   69.30135    
   575.2991    	  -999.7731    	   13.66392    	  -1013.437    	   69.27335    
   571.0059    	  -1000.187    	   13.56196    	  -1013.749    	   69.28703    
   564.7529    	  -1000.758    	   13.41297    	  -1014.171    	   69.30047    
   558.6726    	  -1000.454    	   13.26856    	  -1013.723    	   69.28643    
   555.4578    	  -1001.463    	   13.19268    	  -1014.656    	   69.25864    
   549.1331    	  -1001.835    	   13.04199    	  -1014.877    	   69.25863    
   547.1162    	  -1002.036    	   12.99456    	  -1015.031    	   69.25857    
   538.7386    	  -1002.641    	   12.79512    	  -1015.437    	   69.23055    
   535.2467    	  -1002.831    	   12.71266    	  -1015.543    	   69.20267    
   527.4690    	  -1003.193    	   12.52746    	  -1015.721    	   69.18853    
   525.0949    	  -1003.533    	   12.47155    	  -1016.004    	   69.21594    
   519.1756    	  -1003.414    	   12.33048    	  -1015.745    	   69.27087    
   515.6179    	  -1003.509    	   12.24646    	  -1015.755    	   69.27071    
   508.3081    	  -1003.448    	   12.07237    	  -1015.520    	   69.29816    
   505.5885    	  -1004.445    	   12.00826    	  -1016.453    	   69.27034    
   500.8216    	  -1004.750    	   11.89504    	  -1016.645    	   69.25644    
   495.8280    	  -1005.484    	   11.77644    	  -1017.261    	   69.22873    
   490.4753    	  -1005.654    	   11.64931    	  -1017.303    	   69.27026    
   484.9238    	  -1006.274    	   11.51698    	  -1017.791    	   69.24255    
   480.5183    	  -1006.318    	   11.41282    	  -1017.731    	   69.25639    
   475.5307    	  -1006.513    	   11.29437    	  -1017.807    	   69.24248    
   469.8469    	  -1007.079    	   11.15890    	  -1018.238    	   69.22845    
   465.3558    	  -1007.192    	   11.05271    	  -1018.245    	   69.24213    
   459.4060    	  -1007.781    	   10.91092    	  -1018.692    	   69.25591    
   456.5943    	  -1005.640    	   10.84462    	  -1016.485    	   69.26966    
   450.0472    	  -1007.861    	   10.68912    	  -1018.551    	   69.22784    
   445.7920    	  -1008.037    	   10.58805    	  -1018.625    	   69.22752    
   440.0149    	  -1008.859    	   10.45084    	  -1019.309    	   69.22725    
   435.6453    	  -1009.209    	   10.34706    	  -1019.557    	   69.22699    
   429.6411    	  -1009.275    	   10.20399    	  -1019.479    	   69.26845    
   425.5258    	  -1008.962    	   10.10672    	  -1019.069    	   69.25455    
   419.0103    	  -1009.606    	   9.951500    	  -1019.557    	   69.29607    
   414.1065    	  -1009.826    	   9.835032    	  -1019.661    	   69.28197    
   409.2091    	  -1010.356    	   9.718715    	  -1020.075    	   69.29577    
   405.8049    	  -1010.493    	   9.638339    	  -1020.131    	   69.26806    
   400.2056    	  -1011.096    	   9.505351    	  -1020.602    	   69.28188    
   395.5596    	  -1011.265    	   9.395008    	  -1020.660    	   69.24027    
   388.9265    	  -1011.458    	   9.236991    	  -1020.695    	   69.26798    
   384.8936    	  -1011.851    	   9.141209    	  -1020.992    	   69.25409    
   380.0984    	  -1011.767    	   9.027794    	  -1020.795    	   69.26784    
   374.9902    	  -1012.589    	   8.905995    	  -1021.495    	   69.21226    
   370.4164    	  -1012.739    	   8.797840    	  -1021.537    	   69.25378    
   364.2519    	  -1012.549    	   8.650955    	  -1021.200    	   69.23981    
   359.9464    	  -1012.780    	   8.548697    	  -1021.328    	   69.25359    
   355.3106    	  -1013.433    	   8.439071    	  -1021.872    	   69.23959    
   350.3287    	  -1013.609    	   8.320747    	  -1021.930    	   69.22569    
   345.1612    	  -1013.967    	   8.198016    	  -1022.165    	   69.22557    
   339.6165    	  -1014.344    	   8.065851    	  -1022.410    	   69.23925    
   334.8864    	  -1014.634    	   7.953507    	  -1022.587    	   69.22510    
   330.7803    	  -1015.390    	   7.856460    	  -1023.246    	   69.22472    
   324.5297    	  -1015.431    	   7.707531    	  -1023.138    	   69.19682    
   319.4485    	  -1015.781    	   7.586849    	  -1023.368    	   69.19669    
   314.1335    	  -1015.661    	   7.460615    	  -1023.122    	   69.22411    
   311.7227    	  -1015.536    	   7.403832    	  -1022.940    	   69.19601    
   305.3777    	  -1015.882    	   7.253134    	  -1023.135    	   69.22330    
