 angle:	pba:
   1.500000    	           0	  0.0000000E+00
   4.500000    	           0	  0.0000000E+00
   7.500000    	           0	  0.0000000E+00
   10.50000    	           0	  0.0000000E+00
   13.50000    	           0	  0.0000000E+00
   16.50000    	           0	  0.0000000E+00
   19.50000    	           0	  0.0000000E+00
   22.50000    	           0	  0.0000000E+00
   25.50000    	           0	  0.0000000E+00
   28.50000    	           0	  0.0000000E+00
   31.50000    	           0	  0.0000000E+00
   34.50000    	           0	  0.0000000E+00
   37.50000    	           0	  0.0000000E+00
   40.50000    	           0	  0.0000000E+00
   43.50000    	           0	  0.0000000E+00
   46.50000    	           0	  0.0000000E+00
   49.50000    	           0	  0.0000000E+00
   52.50000    	           0	  0.0000000E+00
   55.50000    	           0	  0.0000000E+00
   58.50000    	           0	  0.0000000E+00
   61.50000    	           0	  0.0000000E+00
   64.50000    	           1	  1.0967317E-04
   67.50000    	           4	  4.3869269E-04
   70.50000    	           4	  4.3869269E-04
   73.50000    	          17	  1.8644440E-03
   76.50000    	          37	  4.0579075E-03
   79.50000    	          76	  8.3351610E-03
   82.50000    	         151	  1.6560649E-02
   85.50000    	         250	  2.7418293E-02
   88.50000    	         348	  3.8166266E-02
   91.50000    	         295	  3.2353587E-02
   94.50000    	         293	  3.2134239E-02
   97.50000    	         243	  2.6650582E-02
   100.5000    	         281	  3.0818162E-02
   103.5000    	         368	  4.0359728E-02
   106.5000    	         463	  5.0778680E-02
   109.5000    	         566	  6.2075015E-02
   112.5000    	         644	  7.0629522E-02
   115.5000    	         720	  7.8964688E-02
   118.5000    	         715	  7.8416318E-02
   121.5000    	         650	  7.1287565E-02
   124.5000    	         563	  6.1745998E-02
   127.5000    	         497	  5.4507568E-02
   130.5000    	         420	  4.6062734E-02
   133.5000    	         328	  3.5972800E-02
   136.5000    	         241	  2.6431235E-02
   139.5000    	         220	  2.4128098E-02
   142.5000    	         191	  2.0947576E-02
   145.5000    	         122	  1.3380127E-02
   148.5000    	         108	  1.1844703E-02
   151.5000    	          78	  8.5545080E-03
   154.5000    	          55	  6.0320245E-03
   157.5000    	          61	  6.6900635E-03
   160.5000    	          27	  2.9611757E-03
   163.5000    	          24	  2.6321562E-03
   166.5000    	          22	  2.4128098E-03
   169.5000    	          14	  1.5354244E-03
   172.5000    	          12	  1.3160781E-03
   175.5000    	           8	  8.7738538E-04
   178.5000    	           1	  1.0967317E-04
   181.5000    	           0	  0.0000000E+00
   184.5000    	           0	  0.0000000E+00
   187.5000    	           0	  0.0000000E+00
   190.5000    	           0	  0.0000000E+00
   193.5000    	           0	  0.0000000E+00
   196.5000    	           0	  0.0000000E+00
   199.5000    	           0	  0.0000000E+00
   202.5000    	           0	  0.0000000E+00
   205.5000    	           0	  0.0000000E+00
   208.5000    	           0	  0.0000000E+00
   211.5000    	           0	  0.0000000E+00
   214.5000    	           0	  0.0000000E+00
   217.5000    	           0	  0.0000000E+00
   220.5000    	           0	  0.0000000E+00
   223.5000    	           0	  0.0000000E+00
   226.5000    	           0	  0.0000000E+00
   229.5000    	           0	  0.0000000E+00
   232.5000    	           0	  0.0000000E+00
   235.5000    	           0	  0.0000000E+00
   238.5000    	           0	  0.0000000E+00
   241.5000    	           0	  0.0000000E+00
   244.5000    	           0	  0.0000000E+00
   247.5000    	           0	  0.0000000E+00
   250.5000    	           0	  0.0000000E+00
   253.5000    	           0	  0.0000000E+00
   256.5000    	           0	  0.0000000E+00
   259.5000    	           0	  0.0000000E+00
   262.5000    	           0	  0.0000000E+00
   265.5000    	           0	  0.0000000E+00
   268.5000    	           0	  0.0000000E+00
   271.5000    	           0	  0.0000000E+00
   274.5000    	           0	  0.0000000E+00
   277.5000    	           0	  0.0000000E+00
   280.5000    	           0	  0.0000000E+00
   283.5000    	           0	  0.0000000E+00
   286.5000    	           0	  0.0000000E+00
   289.5000    	           0	  0.0000000E+00
   292.5000    	           0	  0.0000000E+00
   295.5000    	           0	  0.0000000E+00
   298.5000    	           0	  0.0000000E+00
   301.5000    	           0	  0.0000000E+00
   304.5000    	           0	  0.0000000E+00
   307.5000    	           0	  0.0000000E+00
   310.5000    	           0	  0.0000000E+00
   313.5000    	           0	  0.0000000E+00
   316.5000    	           0	  0.0000000E+00
   319.5000    	           0	  0.0000000E+00
   322.5000    	           0	  0.0000000E+00
   325.5000    	           0	  0.0000000E+00
   328.5000    	           0	  0.0000000E+00
   331.5000    	           0	  0.0000000E+00
   334.5000    	           0	  0.0000000E+00
   337.5000    	           0	  0.0000000E+00
   340.5000    	           0	  0.0000000E+00
   343.5000    	           0	  0.0000000E+00
   346.5000    	           0	  0.0000000E+00
   349.5000    	           0	  0.0000000E+00
   352.5000    	           0	  0.0000000E+00
   355.5000    	           0	  0.0000000E+00
   358.5000    	           0	  0.0000000E+00
 angle:	pba2:
   1.500000    	           0	  0.0000000E+00
   4.500000    	           0	  0.0000000E+00
   7.500000    	           0	  0.0000000E+00
   10.50000    	           0	  0.0000000E+00
   13.50000    	           0	  0.0000000E+00
   16.50000    	           0	  0.0000000E+00
   19.50000    	           0	  0.0000000E+00
   22.50000    	           0	  0.0000000E+00
   25.50000    	           0	  0.0000000E+00
   28.50000    	           0	  0.0000000E+00
   31.50000    	           0	  0.0000000E+00
   34.50000    	           0	  0.0000000E+00
   37.50000    	           0	  0.0000000E+00
   40.50000    	           0	  0.0000000E+00
   43.50000    	           0	  0.0000000E+00
   46.50000    	           0	  0.0000000E+00
   49.50000    	           0	  0.0000000E+00
   52.50000    	           0	  0.0000000E+00
   55.50000    	           0	  0.0000000E+00
   58.50000    	           0	  0.0000000E+00
   61.50000    	           0	  0.0000000E+00
   64.50000    	           0	  0.0000000E+00
   67.50000    	           0	  0.0000000E+00
   70.50000    	           0	  0.0000000E+00
   73.50000    	           0	  0.0000000E+00
   76.50000    	           0	  0.0000000E+00
   79.50000    	           0	  0.0000000E+00
   82.50000    	           0	  0.0000000E+00
   85.50000    	           1	  9.9009899E-03
   88.50000    	           0	  0.0000000E+00
   91.50000    	           1	  9.9009899E-03
   94.50000    	           0	  0.0000000E+00
   97.50000    	           0	  0.0000000E+00
   100.5000    	           0	  0.0000000E+00
   103.5000    	           0	  0.0000000E+00
   106.5000    	           1	  9.9009899E-03
   109.5000    	           1	  9.9009899E-03
   112.5000    	           3	  2.9702971E-02
   115.5000    	           2	  1.9801980E-02
   118.5000    	           3	  2.9702971E-02
   121.5000    	           6	  5.9405942E-02
   124.5000    	           8	  7.9207920E-02
   127.5000    	           6	  5.9405942E-02
   130.5000    	           2	  1.9801980E-02
   133.5000    	           7	  6.9306932E-02
   136.5000    	           7	  6.9306932E-02
   139.5000    	           6	  5.9405942E-02
   142.5000    	           8	  7.9207920E-02
   145.5000    	           4	  3.9603960E-02
   148.5000    	           7	  6.9306932E-02
   151.5000    	           2	  1.9801980E-02
   154.5000    	           3	  2.9702971E-02
   157.5000    	           7	  6.9306932E-02
   160.5000    	           3	  2.9702971E-02
   163.5000    	           3	  2.9702971E-02
   166.5000    	           6	  5.9405942E-02
   169.5000    	           3	  2.9702971E-02
   172.5000    	           0	  0.0000000E+00
   175.5000    	           1	  9.9009899E-03
   178.5000    	           0	  0.0000000E+00
   181.5000    	           0	  0.0000000E+00
   184.5000    	           0	  0.0000000E+00
   187.5000    	           0	  0.0000000E+00
   190.5000    	           0	  0.0000000E+00
   193.5000    	           0	  0.0000000E+00
   196.5000    	           0	  0.0000000E+00
   199.5000    	           0	  0.0000000E+00
   202.5000    	           0	  0.0000000E+00
   205.5000    	           0	  0.0000000E+00
   208.5000    	           0	  0.0000000E+00
   211.5000    	           0	  0.0000000E+00
   214.5000    	           0	  0.0000000E+00
   217.5000    	           0	  0.0000000E+00
   220.5000    	           0	  0.0000000E+00
   223.5000    	           0	  0.0000000E+00
   226.5000    	           0	  0.0000000E+00
   229.5000    	           0	  0.0000000E+00
   232.5000    	           0	  0.0000000E+00
   235.5000    	           0	  0.0000000E+00
   238.5000    	           0	  0.0000000E+00
   241.5000    	           0	  0.0000000E+00
   244.5000    	           0	  0.0000000E+00
   247.5000    	           0	  0.0000000E+00
   250.5000    	           0	  0.0000000E+00
   253.5000    	           0	  0.0000000E+00
   256.5000    	           0	  0.0000000E+00
   259.5000    	           0	  0.0000000E+00
   262.5000    	           0	  0.0000000E+00
   265.5000    	           0	  0.0000000E+00
   268.5000    	           0	  0.0000000E+00
   271.5000    	           0	  0.0000000E+00
   274.5000    	           0	  0.0000000E+00
   277.5000    	           0	  0.0000000E+00
   280.5000    	           0	  0.0000000E+00
   283.5000    	           0	  0.0000000E+00
   286.5000    	           0	  0.0000000E+00
   289.5000    	           0	  0.0000000E+00
   292.5000    	           0	  0.0000000E+00
   295.5000    	           0	  0.0000000E+00
   298.5000    	           0	  0.0000000E+00
   301.5000    	           0	  0.0000000E+00
   304.5000    	           0	  0.0000000E+00
   307.5000    	           0	  0.0000000E+00
   310.5000    	           0	  0.0000000E+00
   313.5000    	           0	  0.0000000E+00
   316.5000    	           0	  0.0000000E+00
   319.5000    	           0	  0.0000000E+00
   322.5000    	           0	  0.0000000E+00
   325.5000    	           0	  0.0000000E+00
   328.5000    	           0	  0.0000000E+00
   331.5000    	           0	  0.0000000E+00
   334.5000    	           0	  0.0000000E+00
   337.5000    	           0	  0.0000000E+00
   340.5000    	           0	  0.0000000E+00
   343.5000    	           0	  0.0000000E+00
   346.5000    	           0	  0.0000000E+00
   349.5000    	           0	  0.0000000E+00
   352.5000    	           0	  0.0000000E+00
   355.5000    	           0	  0.0000000E+00
   358.5000    	           0	  0.0000000E+00
 angle:	pba3:
   1.500000    	           0	  0.0000000E+00
   4.500000    	           0	  0.0000000E+00
   7.500000    	           0	  0.0000000E+00
   10.50000    	           0	  0.0000000E+00
   13.50000    	           0	  0.0000000E+00
   16.50000    	           0	  0.0000000E+00
   19.50000    	           0	  0.0000000E+00
   22.50000    	           0	  0.0000000E+00
   25.50000    	           0	  0.0000000E+00
   28.50000    	           0	  0.0000000E+00
   31.50000    	           0	  0.0000000E+00
   34.50000    	           0	  0.0000000E+00
   37.50000    	           0	  0.0000000E+00
   40.50000    	           0	  0.0000000E+00
   43.50000    	           0	  0.0000000E+00
   46.50000    	           0	  0.0000000E+00
   49.50000    	           0	  0.0000000E+00
   52.50000    	           0	  0.0000000E+00
   55.50000    	           0	  0.0000000E+00
   58.50000    	           0	  0.0000000E+00
   61.50000    	           0	  0.0000000E+00
   64.50000    	           0	  0.0000000E+00
   67.50000    	           0	  0.0000000E+00
   70.50000    	           0	  0.0000000E+00
   73.50000    	           2	  2.8922633E-04
   76.50000    	           7	  1.0122921E-03
   79.50000    	          17	  2.4584236E-03
   82.50000    	          60	  8.6767897E-03
   85.50000    	         116	  1.6775126E-02
   88.50000    	         188	  2.7187275E-02
   91.50000    	         187	  2.7042661E-02
   94.50000    	         195	  2.8199567E-02
   97.50000    	         160	  2.3138106E-02
   100.5000    	         209	  3.0224150E-02
   103.5000    	         282	  4.0780909E-02
   106.5000    	         378	  5.4663774E-02
   109.5000    	         440	  6.3629791E-02
   112.5000    	         512	  7.4041940E-02
   115.5000    	         589	  8.5177153E-02
   118.5000    	         598	  8.6478673E-02
   121.5000    	         531	  7.6789588E-02
   124.5000    	         484	  6.9992766E-02
   127.5000    	         428	  6.1894432E-02
   130.5000    	         348	  5.0325379E-02
   133.5000    	         280	  4.0491685E-02
   136.5000    	         201	  2.9067244E-02
   139.5000    	         175	  2.5307303E-02
   142.5000    	         147	  2.1258134E-02
   145.5000    	          96	  1.3882863E-02
   148.5000    	          83	  1.2002892E-02
   151.5000    	          59	  8.5321767E-03
   154.5000    	          43	  6.2183659E-03
   157.5000    	          42	  6.0737529E-03
   160.5000    	          12	  1.7353579E-03
   163.5000    	          15	  2.1691974E-03
   166.5000    	          11	  1.5907447E-03
   169.5000    	           8	  1.1569053E-03
   172.5000    	           7	  1.0122921E-03
   175.5000    	           5	  7.2306581E-04
   178.5000    	           0	  0.0000000E+00
   181.5000    	           0	  0.0000000E+00
   184.5000    	           0	  0.0000000E+00
   187.5000    	           0	  0.0000000E+00
   190.5000    	           0	  0.0000000E+00
   193.5000    	           0	  0.0000000E+00
   196.5000    	           0	  0.0000000E+00
   199.5000    	           0	  0.0000000E+00
   202.5000    	           0	  0.0000000E+00
   205.5000    	           0	  0.0000000E+00
   208.5000    	           0	  0.0000000E+00
   211.5000    	           0	  0.0000000E+00
   214.5000    	           0	  0.0000000E+00
   217.5000    	           0	  0.0000000E+00
   220.5000    	           0	  0.0000000E+00
   223.5000    	           0	  0.0000000E+00
   226.5000    	           0	  0.0000000E+00
   229.5000    	           0	  0.0000000E+00
   232.5000    	           0	  0.0000000E+00
   235.5000    	           0	  0.0000000E+00
   238.5000    	           0	  0.0000000E+00
   241.5000    	           0	  0.0000000E+00
   244.5000    	           0	  0.0000000E+00
   247.5000    	           0	  0.0000000E+00
   250.5000    	           0	  0.0000000E+00
   253.5000    	           0	  0.0000000E+00
   256.5000    	           0	  0.0000000E+00
   259.5000    	           0	  0.0000000E+00
   262.5000    	           0	  0.0000000E+00
   265.5000    	           0	  0.0000000E+00
   268.5000    	           0	  0.0000000E+00
   271.5000    	           0	  0.0000000E+00
   274.5000    	           0	  0.0000000E+00
   277.5000    	           0	  0.0000000E+00
   280.5000    	           0	  0.0000000E+00
   283.5000    	           0	  0.0000000E+00
   286.5000    	           0	  0.0000000E+00
   289.5000    	           0	  0.0000000E+00
   292.5000    	           0	  0.0000000E+00
   295.5000    	           0	  0.0000000E+00
   298.5000    	           0	  0.0000000E+00
   301.5000    	           0	  0.0000000E+00
   304.5000    	           0	  0.0000000E+00
   307.5000    	           0	  0.0000000E+00
   310.5000    	           0	  0.0000000E+00
   313.5000    	           0	  0.0000000E+00
   316.5000    	           0	  0.0000000E+00
   319.5000    	           0	  0.0000000E+00
   322.5000    	           0	  0.0000000E+00
   325.5000    	           0	  0.0000000E+00
   328.5000    	           0	  0.0000000E+00
   331.5000    	           0	  0.0000000E+00
   334.5000    	           0	  0.0000000E+00
   337.5000    	           0	  0.0000000E+00
   340.5000    	           0	  0.0000000E+00
   343.5000    	           0	  0.0000000E+00
   346.5000    	           0	  0.0000000E+00
   349.5000    	           0	  0.0000000E+00
   352.5000    	           0	  0.0000000E+00
   355.5000    	           0	  0.0000000E+00
   358.5000    	           0	  0.0000000E+00
 angle:	pba4:
   1.500000    	           0	  0.0000000E+00
   4.500000    	           0	  0.0000000E+00
   7.500000    	           0	  0.0000000E+00
   10.50000    	           0	  0.0000000E+00
   13.50000    	           0	  0.0000000E+00
   16.50000    	           0	  0.0000000E+00
   19.50000    	           0	  0.0000000E+00
   22.50000    	           0	  0.0000000E+00
   25.50000    	           0	  0.0000000E+00
   28.50000    	           0	  0.0000000E+00
   31.50000    	           0	  0.0000000E+00
   34.50000    	           0	  0.0000000E+00
   37.50000    	           0	  0.0000000E+00
   40.50000    	           0	  0.0000000E+00
   43.50000    	           0	  0.0000000E+00
   46.50000    	           0	  0.0000000E+00
   49.50000    	           0	  0.0000000E+00
   52.50000    	           0	  0.0000000E+00
   55.50000    	           0	  0.0000000E+00
   58.50000    	           0	  0.0000000E+00
   61.50000    	           0	  0.0000000E+00
   64.50000    	           1	  4.8030738E-04
   67.50000    	           3	  1.4409221E-03
   70.50000    	           4	  1.9212295E-03
   73.50000    	          14	  6.7243036E-03
   76.50000    	          28	  1.3448607E-02
   79.50000    	          58	  2.7857829E-02
   82.50000    	          90	  4.3227665E-02
   85.50000    	         131	  6.2920272E-02
   88.50000    	         159	  7.6368876E-02
   91.50000    	         107	  5.1392891E-02
   94.50000    	          98	  4.7070123E-02
   97.50000    	          83	  3.9865512E-02
   100.5000    	          71	  3.4101825E-02
   103.5000    	          85	  4.0826127E-02
   106.5000    	          84	  4.0345822E-02
   109.5000    	         124	  5.9558116E-02
   112.5000    	         129	  6.1959654E-02
   115.5000    	         128	  6.1479345E-02
   118.5000    	         113	  5.4274734E-02
   121.5000    	         112	  5.3794429E-02
   124.5000    	          71	  3.4101825E-02
   127.5000    	          63	  3.0259365E-02
   130.5000    	          69	  3.3141211E-02
   133.5000    	          41	  1.9692603E-02
   136.5000    	          30	  1.4409222E-02
   139.5000    	          38	  1.8251682E-02
   142.5000    	          36	  1.7291067E-02
   145.5000    	          22	  1.0566763E-02
   148.5000    	          18	  8.6455336E-03
   151.5000    	          17	  8.1652254E-03
   154.5000    	           9	  4.3227668E-03
   157.5000    	          12	  5.7636886E-03
   160.5000    	          12	  5.7636886E-03
   163.5000    	           6	  2.8818443E-03
   166.5000    	           5	  2.4015370E-03
   169.5000    	           3	  1.4409221E-03
   172.5000    	           5	  2.4015370E-03
   175.5000    	           2	  9.6061477E-04
   178.5000    	           1	  4.8030738E-04
   181.5000    	           0	  0.0000000E+00
   184.5000    	           0	  0.0000000E+00
   187.5000    	           0	  0.0000000E+00
   190.5000    	           0	  0.0000000E+00
   193.5000    	           0	  0.0000000E+00
   196.5000    	           0	  0.0000000E+00
   199.5000    	           0	  0.0000000E+00
   202.5000    	           0	  0.0000000E+00
   205.5000    	           0	  0.0000000E+00
   208.5000    	           0	  0.0000000E+00
   211.5000    	           0	  0.0000000E+00
   214.5000    	           0	  0.0000000E+00
   217.5000    	           0	  0.0000000E+00
   220.5000    	           0	  0.0000000E+00
   223.5000    	           0	  0.0000000E+00
   226.5000    	           0	  0.0000000E+00
   229.5000    	           0	  0.0000000E+00
   232.5000    	           0	  0.0000000E+00
   235.5000    	           0	  0.0000000E+00
   238.5000    	           0	  0.0000000E+00
   241.5000    	           0	  0.0000000E+00
   244.5000    	           0	  0.0000000E+00
   247.5000    	           0	  0.0000000E+00
   250.5000    	           0	  0.0000000E+00
   253.5000    	           0	  0.0000000E+00
   256.5000    	           0	  0.0000000E+00
   259.5000    	           0	  0.0000000E+00
   262.5000    	           0	  0.0000000E+00
   265.5000    	           0	  0.0000000E+00
   268.5000    	           0	  0.0000000E+00
   271.5000    	           0	  0.0000000E+00
   274.5000    	           0	  0.0000000E+00
   277.5000    	           0	  0.0000000E+00
   280.5000    	           0	  0.0000000E+00
   283.5000    	           0	  0.0000000E+00
   286.5000    	           0	  0.0000000E+00
   289.5000    	           0	  0.0000000E+00
   292.5000    	           0	  0.0000000E+00
   295.5000    	           0	  0.0000000E+00
   298.5000    	           0	  0.0000000E+00
   301.5000    	           0	  0.0000000E+00
   304.5000    	           0	  0.0000000E+00
   307.5000    	           0	  0.0000000E+00
   310.5000    	           0	  0.0000000E+00
   313.5000    	           0	  0.0000000E+00
   316.5000    	           0	  0.0000000E+00
   319.5000    	           0	  0.0000000E+00
   322.5000    	           0	  0.0000000E+00
   325.5000    	           0	  0.0000000E+00
   328.5000    	           0	  0.0000000E+00
   331.5000    	           0	  0.0000000E+00
   334.5000    	           0	  0.0000000E+00
   337.5000    	           0	  0.0000000E+00
   340.5000    	           0	  0.0000000E+00
   343.5000    	           0	  0.0000000E+00
   346.5000    	           0	  0.0000000E+00
   349.5000    	           0	  0.0000000E+00
   352.5000    	           0	  0.0000000E+00
   355.5000    	           0	  0.0000000E+00
   358.5000    	           0	  0.0000000E+00
 angle:	pba5:
   1.500000    	           0	  0.0000000E+00
   4.500000    	           0	  0.0000000E+00
   7.500000    	           0	  0.0000000E+00
   10.50000    	           0	  0.0000000E+00
   13.50000    	           0	  0.0000000E+00
   16.50000    	           0	  0.0000000E+00
   19.50000    	           0	  0.0000000E+00
   22.50000    	           0	  0.0000000E+00
   25.50000    	           0	  0.0000000E+00
   28.50000    	           0	  0.0000000E+00
   31.50000    	           0	  0.0000000E+00
   34.50000    	           0	  0.0000000E+00
   37.50000    	           0	  0.0000000E+00
   40.50000    	           0	  0.0000000E+00
   43.50000    	           0	  0.0000000E+00
   46.50000    	           0	  0.0000000E+00
   49.50000    	           0	  0.0000000E+00
   52.50000    	           0	  0.0000000E+00
   55.50000    	           0	  0.0000000E+00
   58.50000    	           0	  0.0000000E+00
   61.50000    	           0	  0.0000000E+00
   64.50000    	           0	  0.0000000E+00
   67.50000    	           1	  5.0000001E-02
   70.50000    	           0	  0.0000000E+00
   73.50000    	           1	  5.0000001E-02
   76.50000    	           2	  0.1000000    
   79.50000    	           1	  5.0000001E-02
   82.50000    	           1	  5.0000001E-02
   85.50000    	           2	  0.1000000    
   88.50000    	           1	  5.0000001E-02
   91.50000    	           0	  0.0000000E+00
   94.50000    	           0	  0.0000000E+00
   97.50000    	           0	  0.0000000E+00
   100.5000    	           1	  5.0000001E-02
   103.5000    	           1	  5.0000001E-02
   106.5000    	           0	  0.0000000E+00
   109.5000    	           1	  5.0000001E-02
   112.5000    	           0	  0.0000000E+00
   115.5000    	           1	  5.0000001E-02
   118.5000    	           1	  5.0000001E-02
   121.5000    	           1	  5.0000001E-02
   124.5000    	           0	  0.0000000E+00
   127.5000    	           0	  0.0000000E+00
   130.5000    	           1	  5.0000001E-02
   133.5000    	           0	  0.0000000E+00
   136.5000    	           3	  0.1500000    
   139.5000    	           1	  5.0000001E-02
   142.5000    	           0	  0.0000000E+00
   145.5000    	           0	  0.0000000E+00
   148.5000    	           0	  0.0000000E+00
   151.5000    	           0	  0.0000000E+00
   154.5000    	           0	  0.0000000E+00
   157.5000    	           0	  0.0000000E+00
   160.5000    	           0	  0.0000000E+00
   163.5000    	           0	  0.0000000E+00
   166.5000    	           0	  0.0000000E+00
   169.5000    	           0	  0.0000000E+00
   172.5000    	           0	  0.0000000E+00
   175.5000    	           0	  0.0000000E+00
   178.5000    	           0	  0.0000000E+00
   181.5000    	           0	  0.0000000E+00
   184.5000    	           0	  0.0000000E+00
   187.5000    	           0	  0.0000000E+00
   190.5000    	           0	  0.0000000E+00
   193.5000    	           0	  0.0000000E+00
   196.5000    	           0	  0.0000000E+00
   199.5000    	           0	  0.0000000E+00
   202.5000    	           0	  0.0000000E+00
   205.5000    	           0	  0.0000000E+00
   208.5000    	           0	  0.0000000E+00
   211.5000    	           0	  0.0000000E+00
   214.5000    	           0	  0.0000000E+00
   217.5000    	           0	  0.0000000E+00
   220.5000    	           0	  0.0000000E+00
   223.5000    	           0	  0.0000000E+00
   226.5000    	           0	  0.0000000E+00
   229.5000    	           0	  0.0000000E+00
   232.5000    	           0	  0.0000000E+00
   235.5000    	           0	  0.0000000E+00
   238.5000    	           0	  0.0000000E+00
   241.5000    	           0	  0.0000000E+00
   244.5000    	           0	  0.0000000E+00
   247.5000    	           0	  0.0000000E+00
   250.5000    	           0	  0.0000000E+00
   253.5000    	           0	  0.0000000E+00
   256.5000    	           0	  0.0000000E+00
   259.5000    	           0	  0.0000000E+00
   262.5000    	           0	  0.0000000E+00
   265.5000    	           0	  0.0000000E+00
   268.5000    	           0	  0.0000000E+00
   271.5000    	           0	  0.0000000E+00
   274.5000    	           0	  0.0000000E+00
   277.5000    	           0	  0.0000000E+00
   280.5000    	           0	  0.0000000E+00
   283.5000    	           0	  0.0000000E+00
   286.5000    	           0	  0.0000000E+00
   289.5000    	           0	  0.0000000E+00
   292.5000    	           0	  0.0000000E+00
   295.5000    	           0	  0.0000000E+00
   298.5000    	           0	  0.0000000E+00
   301.5000    	           0	  0.0000000E+00
   304.5000    	           0	  0.0000000E+00
   307.5000    	           0	  0.0000000E+00
   310.5000    	           0	  0.0000000E+00
   313.5000    	           0	  0.0000000E+00
   316.5000    	           0	  0.0000000E+00
   319.5000    	           0	  0.0000000E+00
   322.5000    	           0	  0.0000000E+00
   325.5000    	           0	  0.0000000E+00
   328.5000    	           0	  0.0000000E+00
   331.5000    	           0	  0.0000000E+00
   334.5000    	           0	  0.0000000E+00
   337.5000    	           0	  0.0000000E+00
   340.5000    	           0	  0.0000000E+00
   343.5000    	           0	  0.0000000E+00
   346.5000    	           0	  0.0000000E+00
   349.5000    	           0	  0.0000000E+00
   352.5000    	           0	  0.0000000E+00
   355.5000    	           0	  0.0000000E+00
   358.5000    	           0	  0.0000000E+00
 angle:	pba6:
   1.500000    	           0	 NaN           
   4.500000    	           0	 NaN           
   7.500000    	           0	 NaN           
   10.50000    	           0	 NaN           
   13.50000    	           0	 NaN           
   16.50000    	           0	 NaN           
   19.50000    	           0	 NaN           
   22.50000    	           0	 NaN           
   25.50000    	           0	 NaN           
   28.50000    	           0	 NaN           
   31.50000    	           0	 NaN           
   34.50000    	           0	 NaN           
   37.50000    	           0	 NaN           
   40.50000    	           0	 NaN           
   43.50000    	           0	 NaN           
   46.50000    	           0	 NaN           
   49.50000    	           0	 NaN           
   52.50000    	           0	 NaN           
   55.50000    	           0	 NaN           
   58.50000    	           0	 NaN           
   61.50000    	           0	 NaN           
   64.50000    	           0	 NaN           
   67.50000    	           0	 NaN           
   70.50000    	           0	 NaN           
   73.50000    	           0	 NaN           
   76.50000    	           0	 NaN           
   79.50000    	           0	 NaN           
   82.50000    	           0	 NaN           
   85.50000    	           0	 NaN           
   88.50000    	           0	 NaN           
   91.50000    	           0	 NaN           
   94.50000    	           0	 NaN           
   97.50000    	           0	 NaN           
   100.5000    	           0	 NaN           
   103.5000    	           0	 NaN           
   106.5000    	           0	 NaN           
   109.5000    	           0	 NaN           
   112.5000    	           0	 NaN           
   115.5000    	           0	 NaN           
   118.5000    	           0	 NaN           
   121.5000    	           0	 NaN           
   124.5000    	           0	 NaN           
   127.5000    	           0	 NaN           
   130.5000    	           0	 NaN           
   133.5000    	           0	 NaN           
   136.5000    	           0	 NaN           
   139.5000    	           0	 NaN           
   142.5000    	           0	 NaN           
   145.5000    	           0	 NaN           
   148.5000    	           0	 NaN           
   151.5000    	           0	 NaN           
   154.5000    	           0	 NaN           
   157.5000    	           0	 NaN           
   160.5000    	           0	 NaN           
   163.5000    	           0	 NaN           
   166.5000    	           0	 NaN           
   169.5000    	           0	 NaN           
   172.5000    	           0	 NaN           
   175.5000    	           0	 NaN           
   178.5000    	           0	 NaN           
   181.5000    	           0	 NaN           
   184.5000    	           0	 NaN           
   187.5000    	           0	 NaN           
   190.5000    	           0	 NaN           
   193.5000    	           0	 NaN           
   196.5000    	           0	 NaN           
   199.5000    	           0	 NaN           
   202.5000    	           0	 NaN           
   205.5000    	           0	 NaN           
   208.5000    	           0	 NaN           
   211.5000    	           0	 NaN           
   214.5000    	           0	 NaN           
   217.5000    	           0	 NaN           
   220.5000    	           0	 NaN           
   223.5000    	           0	 NaN           
   226.5000    	           0	 NaN           
   229.5000    	           0	 NaN           
   232.5000    	           0	 NaN           
   235.5000    	           0	 NaN           
   238.5000    	           0	 NaN           
   241.5000    	           0	 NaN           
   244.5000    	           0	 NaN           
   247.5000    	           0	 NaN           
   250.5000    	           0	 NaN           
   253.5000    	           0	 NaN           
   256.5000    	           0	 NaN           
   259.5000    	           0	 NaN           
   262.5000    	           0	 NaN           
   265.5000    	           0	 NaN           
   268.5000    	           0	 NaN           
   271.5000    	           0	 NaN           
   274.5000    	           0	 NaN           
   277.5000    	           0	 NaN           
   280.5000    	           0	 NaN           
   283.5000    	           0	 NaN           
   286.5000    	           0	 NaN           
   289.5000    	           0	 NaN           
   292.5000    	           0	 NaN           
   295.5000    	           0	 NaN           
   298.5000    	           0	 NaN           
   301.5000    	           0	 NaN           
   304.5000    	           0	 NaN           
   307.5000    	           0	 NaN           
   310.5000    	           0	 NaN           
   313.5000    	           0	 NaN           
   316.5000    	           0	 NaN           
   319.5000    	           0	 NaN           
   322.5000    	           0	 NaN           
   325.5000    	           0	 NaN           
   328.5000    	           0	 NaN           
   331.5000    	           0	 NaN           
   334.5000    	           0	 NaN           
   337.5000    	           0	 NaN           
   340.5000    	           0	 NaN           
   343.5000    	           0	 NaN           
   346.5000    	           0	 NaN           
   349.5000    	           0	 NaN           
   352.5000    	           0	 NaN           
   355.5000    	           0	 NaN           
   358.5000    	           0	 NaN           
