 angle:	pba:
   1.500000    	           0	  0.0000000E+00
   4.500000    	           0	  0.0000000E+00
   7.500000    	           0	  0.0000000E+00
   10.50000    	           0	  0.0000000E+00
   13.50000    	           0	  0.0000000E+00
   16.50000    	           0	  0.0000000E+00
   19.50000    	           0	  0.0000000E+00
   22.50000    	           0	  0.0000000E+00
   25.50000    	           0	  0.0000000E+00
   28.50000    	           0	  0.0000000E+00
   31.50000    	           0	  0.0000000E+00
   34.50000    	           0	  0.0000000E+00
   37.50000    	           0	  0.0000000E+00
   40.50000    	           0	  0.0000000E+00
   43.50000    	           0	  0.0000000E+00
   46.50000    	           0	  0.0000000E+00
   49.50000    	           0	  0.0000000E+00
   52.50000    	           0	  0.0000000E+00
   55.50000    	           0	  0.0000000E+00
   58.50000    	           0	  0.0000000E+00
   61.50000    	           0	  0.0000000E+00
   64.50000    	           0	  0.0000000E+00
   67.50000    	           0	  0.0000000E+00
   70.50000    	           1	  7.3578100E-05
   73.50000    	          17	  1.2508278E-03
   76.50000    	          66	  4.8561548E-03
   79.50000    	         159	  1.1698918E-02
   82.50000    	         331	  2.4354352E-02
   85.50000    	         513	  3.7745565E-02
   88.50000    	         658	  4.8414391E-02
   91.50000    	         847	  6.2320653E-02
   94.50000    	         919	  6.7618273E-02
   97.50000    	        1007	  7.4093148E-02
   100.5000    	        1149	  8.4541239E-02
   103.5000    	        1149	  8.4541239E-02
   106.5000    	        1107	  8.1450962E-02
   109.5000    	         914	  6.7250386E-02
   112.5000    	         815	  5.9966154E-02
   115.5000    	         740	  5.4447796E-02
   118.5000    	         554	  4.0762268E-02
   121.5000    	         465	  3.4213819E-02
   124.5000    	         328	  2.4133617E-02
   127.5000    	         270	  1.9866088E-02
   130.5000    	         254	  1.8688839E-02
   133.5000    	         195	  1.4347730E-02
   136.5000    	         137	  1.0080200E-02
   139.5000    	         126	  9.2708413E-03
   142.5000    	          93	  6.8427636E-03
   145.5000    	          75	  5.5183577E-03
   148.5000    	          76	  5.5919359E-03
   151.5000    	          53	  3.8996395E-03
   154.5000    	          65	  4.7825766E-03
   157.5000    	          62	  4.5618424E-03
   160.5000    	          64	  4.7089984E-03
   163.5000    	          92	  6.7691854E-03
   166.5000    	          74	  5.4447795E-03
   169.5000    	          76	  5.5919359E-03
   172.5000    	          81	  5.9598265E-03
   175.5000    	          46	  3.3845927E-03
   178.5000    	          13	  9.5651532E-04
   181.5000    	           0	  0.0000000E+00
   184.5000    	           0	  0.0000000E+00
   187.5000    	           0	  0.0000000E+00
   190.5000    	           0	  0.0000000E+00
   193.5000    	           0	  0.0000000E+00
   196.5000    	           0	  0.0000000E+00
   199.5000    	           0	  0.0000000E+00
   202.5000    	           0	  0.0000000E+00
   205.5000    	           0	  0.0000000E+00
   208.5000    	           0	  0.0000000E+00
   211.5000    	           0	  0.0000000E+00
   214.5000    	           0	  0.0000000E+00
   217.5000    	           0	  0.0000000E+00
   220.5000    	           0	  0.0000000E+00
   223.5000    	           0	  0.0000000E+00
   226.5000    	           0	  0.0000000E+00
   229.5000    	           0	  0.0000000E+00
   232.5000    	           0	  0.0000000E+00
   235.5000    	           0	  0.0000000E+00
   238.5000    	           0	  0.0000000E+00
   241.5000    	           0	  0.0000000E+00
   244.5000    	           0	  0.0000000E+00
   247.5000    	           0	  0.0000000E+00
   250.5000    	           0	  0.0000000E+00
   253.5000    	           0	  0.0000000E+00
   256.5000    	           0	  0.0000000E+00
   259.5000    	           0	  0.0000000E+00
   262.5000    	           0	  0.0000000E+00
   265.5000    	           0	  0.0000000E+00
   268.5000    	           0	  0.0000000E+00
   271.5000    	           0	  0.0000000E+00
   274.5000    	           0	  0.0000000E+00
   277.5000    	           0	  0.0000000E+00
   280.5000    	           0	  0.0000000E+00
   283.5000    	           0	  0.0000000E+00
   286.5000    	           0	  0.0000000E+00
   289.5000    	           0	  0.0000000E+00
   292.5000    	           0	  0.0000000E+00
   295.5000    	           0	  0.0000000E+00
   298.5000    	           0	  0.0000000E+00
   301.5000    	           0	  0.0000000E+00
   304.5000    	           0	  0.0000000E+00
   307.5000    	           0	  0.0000000E+00
   310.5000    	           0	  0.0000000E+00
   313.5000    	           0	  0.0000000E+00
   316.5000    	           0	  0.0000000E+00
   319.5000    	           0	  0.0000000E+00
   322.5000    	           0	  0.0000000E+00
   325.5000    	           0	  0.0000000E+00
   328.5000    	           0	  0.0000000E+00
   331.5000    	           0	  0.0000000E+00
   334.5000    	           0	  0.0000000E+00
   337.5000    	           0	  0.0000000E+00
   340.5000    	           0	  0.0000000E+00
   343.5000    	           0	  0.0000000E+00
   346.5000    	           0	  0.0000000E+00
   349.5000    	           0	  0.0000000E+00
   352.5000    	           0	  0.0000000E+00
   355.5000    	           0	  0.0000000E+00
   358.5000    	           0	  0.0000000E+00
 angle:	pba4:
   1.500000    	           0	  0.0000000E+00
   4.500000    	           0	  0.0000000E+00
   7.500000    	           0	  0.0000000E+00
   10.50000    	           0	  0.0000000E+00
   13.50000    	           0	  0.0000000E+00
   16.50000    	           0	  0.0000000E+00
   19.50000    	           0	  0.0000000E+00
   22.50000    	           0	  0.0000000E+00
   25.50000    	           0	  0.0000000E+00
   28.50000    	           0	  0.0000000E+00
   31.50000    	           0	  0.0000000E+00
   34.50000    	           0	  0.0000000E+00
   37.50000    	           0	  0.0000000E+00
   40.50000    	           0	  0.0000000E+00
   43.50000    	           0	  0.0000000E+00
   46.50000    	           0	  0.0000000E+00
   49.50000    	           0	  0.0000000E+00
   52.50000    	           0	  0.0000000E+00
   55.50000    	           0	  0.0000000E+00
   58.50000    	           0	  0.0000000E+00
   61.50000    	           0	  0.0000000E+00
   64.50000    	           0	  0.0000000E+00
   67.50000    	           0	  0.0000000E+00
   70.50000    	           0	  0.0000000E+00
   73.50000    	           0	  0.0000000E+00
   76.50000    	           0	  0.0000000E+00
   79.50000    	           3	  3.1133249E-04
   82.50000    	          29	  3.0095475E-03
   85.50000    	         121	  1.2557077E-02
   88.50000    	         265	  2.7501037E-02
   91.50000    	         480	  4.9813200E-02
   94.50000    	         575	  5.9672061E-02
   97.50000    	         739	  7.6691575E-02
   100.5000    	         947	  9.8277293E-02
   103.5000    	         984	  0.1021171    
   106.5000    	         993	  0.1030511    
   109.5000    	         830	  8.6135328E-02
   112.5000    	         734	  7.6172687E-02
   115.5000    	         672	  6.9738477E-02
   118.5000    	         497	  5.1577419E-02
   121.5000    	         421	  4.3690328E-02
   124.5000    	         301	  3.1237029E-02
   127.5000    	         241	  2.5010377E-02
   130.5000    	         213	  2.2104608E-02
   133.5000    	         169	  1.7538399E-02
   136.5000    	         105	  1.0896638E-02
   139.5000    	         100	  1.0377750E-02
   142.5000    	          59	  6.1228727E-03
   145.5000    	          44	  4.5662099E-03
   148.5000    	          37	  3.8397675E-03
   151.5000    	          22	  2.2831049E-03
   154.5000    	          21	  2.1793274E-03
   157.5000    	          11	  1.1415525E-03
   160.5000    	           6	  6.2266499E-04
   163.5000    	           7	  7.2644249E-04
   166.5000    	           4	  4.1511000E-04
   169.5000    	           3	  3.1133249E-04
   172.5000    	           1	  1.0377750E-04
   175.5000    	           2	  2.0755500E-04
   178.5000    	           0	  0.0000000E+00
   181.5000    	           0	  0.0000000E+00
   184.5000    	           0	  0.0000000E+00
   187.5000    	           0	  0.0000000E+00
   190.5000    	           0	  0.0000000E+00
   193.5000    	           0	  0.0000000E+00
   196.5000    	           0	  0.0000000E+00
   199.5000    	           0	  0.0000000E+00
   202.5000    	           0	  0.0000000E+00
   205.5000    	           0	  0.0000000E+00
   208.5000    	           0	  0.0000000E+00
   211.5000    	           0	  0.0000000E+00
   214.5000    	           0	  0.0000000E+00
   217.5000    	           0	  0.0000000E+00
   220.5000    	           0	  0.0000000E+00
   223.5000    	           0	  0.0000000E+00
   226.5000    	           0	  0.0000000E+00
   229.5000    	           0	  0.0000000E+00
   232.5000    	           0	  0.0000000E+00
   235.5000    	           0	  0.0000000E+00
   238.5000    	           0	  0.0000000E+00
   241.5000    	           0	  0.0000000E+00
   244.5000    	           0	  0.0000000E+00
   247.5000    	           0	  0.0000000E+00
   250.5000    	           0	  0.0000000E+00
   253.5000    	           0	  0.0000000E+00
   256.5000    	           0	  0.0000000E+00
   259.5000    	           0	  0.0000000E+00
   262.5000    	           0	  0.0000000E+00
   265.5000    	           0	  0.0000000E+00
   268.5000    	           0	  0.0000000E+00
   271.5000    	           0	  0.0000000E+00
   274.5000    	           0	  0.0000000E+00
   277.5000    	           0	  0.0000000E+00
   280.5000    	           0	  0.0000000E+00
   283.5000    	           0	  0.0000000E+00
   286.5000    	           0	  0.0000000E+00
   289.5000    	           0	  0.0000000E+00
   292.5000    	           0	  0.0000000E+00
   295.5000    	           0	  0.0000000E+00
   298.5000    	           0	  0.0000000E+00
   301.5000    	           0	  0.0000000E+00
   304.5000    	           0	  0.0000000E+00
   307.5000    	           0	  0.0000000E+00
   310.5000    	           0	  0.0000000E+00
   313.5000    	           0	  0.0000000E+00
   316.5000    	           0	  0.0000000E+00
   319.5000    	           0	  0.0000000E+00
   322.5000    	           0	  0.0000000E+00
   325.5000    	           0	  0.0000000E+00
   328.5000    	           0	  0.0000000E+00
   331.5000    	           0	  0.0000000E+00
   334.5000    	           0	  0.0000000E+00
   337.5000    	           0	  0.0000000E+00
   340.5000    	           0	  0.0000000E+00
   343.5000    	           0	  0.0000000E+00
   346.5000    	           0	  0.0000000E+00
   349.5000    	           0	  0.0000000E+00
   352.5000    	           0	  0.0000000E+00
   355.5000    	           0	  0.0000000E+00
   358.5000    	           0	  0.0000000E+00
 angle:	pba5:
   1.500000    	           0	  0.0000000E+00
   4.500000    	           0	  0.0000000E+00
   7.500000    	           0	  0.0000000E+00
   10.50000    	           0	  0.0000000E+00
   13.50000    	           0	  0.0000000E+00
   16.50000    	           0	  0.0000000E+00
   19.50000    	           0	  0.0000000E+00
   22.50000    	           0	  0.0000000E+00
   25.50000    	           0	  0.0000000E+00
   28.50000    	           0	  0.0000000E+00
   31.50000    	           0	  0.0000000E+00
   34.50000    	           0	  0.0000000E+00
   37.50000    	           0	  0.0000000E+00
   40.50000    	           0	  0.0000000E+00
   43.50000    	           0	  0.0000000E+00
   46.50000    	           0	  0.0000000E+00
   49.50000    	           0	  0.0000000E+00
   52.50000    	           0	  0.0000000E+00
   55.50000    	           0	  0.0000000E+00
   58.50000    	           0	  0.0000000E+00
   61.50000    	           0	  0.0000000E+00
   64.50000    	           0	  0.0000000E+00
   67.50000    	           0	  0.0000000E+00
   70.50000    	           1	  2.8901733E-04
   73.50000    	          11	  3.1791907E-03
   76.50000    	          50	  1.4450867E-02
   79.50000    	         129	  3.7283238E-02
   82.50000    	         254	  7.3410407E-02
   85.50000    	         334	  9.6531793E-02
   88.50000    	         334	  9.6531793E-02
   91.50000    	         317	  9.1618501E-02
   94.50000    	         303	  8.7572254E-02
   97.50000    	         232	  6.7052022E-02
   100.5000    	         179	  5.1734105E-02
   103.5000    	         150	  4.3352600E-02
   106.5000    	         108	  3.1213872E-02
   109.5000    	          77	  2.2254335E-02
   112.5000    	          79	  2.2832369E-02
   115.5000    	          67	  1.9364161E-02
   118.5000    	          56	  1.6184971E-02
   121.5000    	          44	  1.2716763E-02
   124.5000    	          27	  7.8034680E-03
   127.5000    	          29	  8.3815027E-03
   130.5000    	          41	  1.1849711E-02
   133.5000    	          26	  7.5144507E-03
   136.5000    	          32	  9.2485547E-03
   139.5000    	          26	  7.5144507E-03
   142.5000    	          34	  9.8265894E-03
   145.5000    	          31	  8.9595374E-03
   148.5000    	          38	  1.0982659E-02
   151.5000    	          31	  8.9595374E-03
   154.5000    	          39	  1.1271676E-02
   157.5000    	          46	  1.3294797E-02
   160.5000    	          50	  1.4450867E-02
   163.5000    	          70	  2.0231213E-02
   166.5000    	          52	  1.5028901E-02
   169.5000    	          56	  1.6184971E-02
   172.5000    	          64	  1.8497109E-02
   175.5000    	          33	  9.5375720E-03
   178.5000    	          10	  2.8901733E-03
   181.5000    	           0	  0.0000000E+00
   184.5000    	           0	  0.0000000E+00
   187.5000    	           0	  0.0000000E+00
   190.5000    	           0	  0.0000000E+00
   193.5000    	           0	  0.0000000E+00
   196.5000    	           0	  0.0000000E+00
   199.5000    	           0	  0.0000000E+00
   202.5000    	           0	  0.0000000E+00
   205.5000    	           0	  0.0000000E+00
   208.5000    	           0	  0.0000000E+00
   211.5000    	           0	  0.0000000E+00
   214.5000    	           0	  0.0000000E+00
   217.5000    	           0	  0.0000000E+00
   220.5000    	           0	  0.0000000E+00
   223.5000    	           0	  0.0000000E+00
   226.5000    	           0	  0.0000000E+00
   229.5000    	           0	  0.0000000E+00
   232.5000    	           0	  0.0000000E+00
   235.5000    	           0	  0.0000000E+00
   238.5000    	           0	  0.0000000E+00
   241.5000    	           0	  0.0000000E+00
   244.5000    	           0	  0.0000000E+00
   247.5000    	           0	  0.0000000E+00
   250.5000    	           0	  0.0000000E+00
   253.5000    	           0	  0.0000000E+00
   256.5000    	           0	  0.0000000E+00
   259.5000    	           0	  0.0000000E+00
   262.5000    	           0	  0.0000000E+00
   265.5000    	           0	  0.0000000E+00
   268.5000    	           0	  0.0000000E+00
   271.5000    	           0	  0.0000000E+00
   274.5000    	           0	  0.0000000E+00
   277.5000    	           0	  0.0000000E+00
   280.5000    	           0	  0.0000000E+00
   283.5000    	           0	  0.0000000E+00
   286.5000    	           0	  0.0000000E+00
   289.5000    	           0	  0.0000000E+00
   292.5000    	           0	  0.0000000E+00
   295.5000    	           0	  0.0000000E+00
   298.5000    	           0	  0.0000000E+00
   301.5000    	           0	  0.0000000E+00
   304.5000    	           0	  0.0000000E+00
   307.5000    	           0	  0.0000000E+00
   310.5000    	           0	  0.0000000E+00
   313.5000    	           0	  0.0000000E+00
   316.5000    	           0	  0.0000000E+00
   319.5000    	           0	  0.0000000E+00
   322.5000    	           0	  0.0000000E+00
   325.5000    	           0	  0.0000000E+00
   328.5000    	           0	  0.0000000E+00
   331.5000    	           0	  0.0000000E+00
   334.5000    	           0	  0.0000000E+00
   337.5000    	           0	  0.0000000E+00
   340.5000    	           0	  0.0000000E+00
   343.5000    	           0	  0.0000000E+00
   346.5000    	           0	  0.0000000E+00
   349.5000    	           0	  0.0000000E+00
   352.5000    	           0	  0.0000000E+00
   355.5000    	           0	  0.0000000E+00
   358.5000    	           0	  0.0000000E+00
 angle:	pba6:
   1.500000    	           0	  0.0000000E+00
   4.500000    	           0	  0.0000000E+00
   7.500000    	           0	  0.0000000E+00
   10.50000    	           0	  0.0000000E+00
   13.50000    	           0	  0.0000000E+00
   16.50000    	           0	  0.0000000E+00
   19.50000    	           0	  0.0000000E+00
   22.50000    	           0	  0.0000000E+00
   25.50000    	           0	  0.0000000E+00
   28.50000    	           0	  0.0000000E+00
   31.50000    	           0	  0.0000000E+00
   34.50000    	           0	  0.0000000E+00
   37.50000    	           0	  0.0000000E+00
   40.50000    	           0	  0.0000000E+00
   43.50000    	           0	  0.0000000E+00
   46.50000    	           0	  0.0000000E+00
   49.50000    	           0	  0.0000000E+00
   52.50000    	           0	  0.0000000E+00
   55.50000    	           0	  0.0000000E+00
   58.50000    	           0	  0.0000000E+00
   61.50000    	           0	  0.0000000E+00
   64.50000    	           0	  0.0000000E+00
   67.50000    	           0	  0.0000000E+00
   70.50000    	           0	  0.0000000E+00
   73.50000    	           6	  1.2121212E-02
   76.50000    	          16	  3.2323234E-02
   79.50000    	          27	  5.4545455E-02
   82.50000    	          48	  9.6969694E-02
   85.50000    	          58	  0.1171717    
   88.50000    	          59	  0.1191919    
   91.50000    	          50	  0.1010101    
   94.50000    	          41	  8.2828283E-02
   97.50000    	          36	  7.2727270E-02
   100.5000    	          23	  4.6464648E-02
   103.5000    	          15	  3.0303031E-02
   106.5000    	           6	  1.2121212E-02
   109.5000    	           7	  1.4141414E-02
   112.5000    	           2	  4.0404042E-03
   115.5000    	           1	  2.0202021E-03
   118.5000    	           1	  2.0202021E-03
   121.5000    	           0	  0.0000000E+00
   124.5000    	           0	  0.0000000E+00
   127.5000    	           0	  0.0000000E+00
   130.5000    	           0	  0.0000000E+00
   133.5000    	           0	  0.0000000E+00
   136.5000    	           0	  0.0000000E+00
   139.5000    	           0	  0.0000000E+00
   142.5000    	           0	  0.0000000E+00
   145.5000    	           0	  0.0000000E+00
   148.5000    	           1	  2.0202021E-03
   151.5000    	           0	  0.0000000E+00
   154.5000    	           5	  1.0101010E-02
   157.5000    	           5	  1.0101010E-02
   160.5000    	           8	  1.6161617E-02
   163.5000    	          15	  3.0303031E-02
   166.5000    	          18	  3.6363635E-02
   169.5000    	          17	  3.4343433E-02
   172.5000    	          16	  3.2323234E-02
   175.5000    	          11	  2.2222223E-02
   178.5000    	           3	  6.0606059E-03
   181.5000    	           0	  0.0000000E+00
   184.5000    	           0	  0.0000000E+00
   187.5000    	           0	  0.0000000E+00
   190.5000    	           0	  0.0000000E+00
   193.5000    	           0	  0.0000000E+00
   196.5000    	           0	  0.0000000E+00
   199.5000    	           0	  0.0000000E+00
   202.5000    	           0	  0.0000000E+00
   205.5000    	           0	  0.0000000E+00
   208.5000    	           0	  0.0000000E+00
   211.5000    	           0	  0.0000000E+00
   214.5000    	           0	  0.0000000E+00
   217.5000    	           0	  0.0000000E+00
   220.5000    	           0	  0.0000000E+00
   223.5000    	           0	  0.0000000E+00
   226.5000    	           0	  0.0000000E+00
   229.5000    	           0	  0.0000000E+00
   232.5000    	           0	  0.0000000E+00
   235.5000    	           0	  0.0000000E+00
   238.5000    	           0	  0.0000000E+00
   241.5000    	           0	  0.0000000E+00
   244.5000    	           0	  0.0000000E+00
   247.5000    	           0	  0.0000000E+00
   250.5000    	           0	  0.0000000E+00
   253.5000    	           0	  0.0000000E+00
   256.5000    	           0	  0.0000000E+00
   259.5000    	           0	  0.0000000E+00
   262.5000    	           0	  0.0000000E+00
   265.5000    	           0	  0.0000000E+00
   268.5000    	           0	  0.0000000E+00
   271.5000    	           0	  0.0000000E+00
   274.5000    	           0	  0.0000000E+00
   277.5000    	           0	  0.0000000E+00
   280.5000    	           0	  0.0000000E+00
   283.5000    	           0	  0.0000000E+00
   286.5000    	           0	  0.0000000E+00
   289.5000    	           0	  0.0000000E+00
   292.5000    	           0	  0.0000000E+00
   295.5000    	           0	  0.0000000E+00
   298.5000    	           0	  0.0000000E+00
   301.5000    	           0	  0.0000000E+00
   304.5000    	           0	  0.0000000E+00
   307.5000    	           0	  0.0000000E+00
   310.5000    	           0	  0.0000000E+00
   313.5000    	           0	  0.0000000E+00
   316.5000    	           0	  0.0000000E+00
   319.5000    	           0	  0.0000000E+00
   322.5000    	           0	  0.0000000E+00
   325.5000    	           0	  0.0000000E+00
   328.5000    	           0	  0.0000000E+00
   331.5000    	           0	  0.0000000E+00
   334.5000    	           0	  0.0000000E+00
   337.5000    	           0	  0.0000000E+00
   340.5000    	           0	  0.0000000E+00
   343.5000    	           0	  0.0000000E+00
   346.5000    	           0	  0.0000000E+00
   349.5000    	           0	  0.0000000E+00
   352.5000    	           0	  0.0000000E+00
   355.5000    	           0	  0.0000000E+00
   358.5000    	           0	  0.0000000E+00
