   1.010000    	  0.0000000E+00	  0.0000000E+00	  0.0000000E+00
   1.030000    	  0.0000000E+00	  0.0000000E+00	  0.0000000E+00
   1.050000    	  0.0000000E+00	  0.0000000E+00	  0.0000000E+00
   1.070000    	  0.0000000E+00	  0.0000000E+00	  0.0000000E+00
   1.090000    	  0.0000000E+00	  0.0000000E+00	  0.0000000E+00
   1.110000    	  0.0000000E+00	  0.0000000E+00	  0.0000000E+00
   1.130000    	  0.0000000E+00	  0.0000000E+00	  0.0000000E+00
   1.150000    	  0.0000000E+00	  0.0000000E+00	  0.0000000E+00
   1.170000    	  0.0000000E+00	  0.0000000E+00	  0.0000000E+00
   1.190000    	  0.0000000E+00	  0.0000000E+00	  0.0000000E+00
   1.210000    	  0.0000000E+00	  0.0000000E+00	  0.0000000E+00
   1.230000    	  0.0000000E+00	  0.0000000E+00	  0.0000000E+00
   1.250000    	  0.0000000E+00	  0.0000000E+00	  0.0000000E+00
   1.270000    	  0.0000000E+00	  0.0000000E+00	  0.0000000E+00
   1.290000    	  0.0000000E+00	  0.0000000E+00	  0.0000000E+00
   1.310000    	  0.0000000E+00	  0.0000000E+00	  0.0000000E+00
   1.330000    	  0.0000000E+00	  0.0000000E+00	  0.0000000E+00
   1.350000    	  0.0000000E+00	  0.0000000E+00	  0.0000000E+00
   1.370000    	  0.0000000E+00	  0.0000000E+00	  0.0000000E+00
   1.390000    	  0.0000000E+00	  0.0000000E+00	  0.0000000E+00
   1.410000    	  0.0000000E+00	  0.0000000E+00	  0.0000000E+00
   1.430000    	  0.0000000E+00	  0.0000000E+00	  0.0000000E+00
   1.450000    	  0.0000000E+00	  0.0000000E+00	  0.0000000E+00
   1.470000    	  0.0000000E+00	  0.0000000E+00	  0.0000000E+00
   1.490000    	  0.0000000E+00	  0.0000000E+00	  0.0000000E+00
   1.510000    	  0.0000000E+00	  0.0000000E+00	  0.0000000E+00
   1.530000    	  0.0000000E+00	  0.0000000E+00	  0.0000000E+00
   1.550000    	  0.0000000E+00	  0.0000000E+00	  0.0000000E+00
   1.570000    	  0.0000000E+00	  0.0000000E+00	  0.0000000E+00
   1.590000    	  0.0000000E+00	  0.0000000E+00	  0.0000000E+00
   1.610000    	  0.0000000E+00	  0.0000000E+00	  0.0000000E+00
   1.630000    	  3.5342980E-02	  2.9926881E-02	  2.9271718E-02
   1.650000    	  0.1379655    	  0.1168231    	  0.1142656    
   1.670000    	  0.6004515    	  0.5084360    	  0.4973052    
   1.690000    	   1.331558    	   1.127505    	   1.102821    
   1.710000    	   2.788512    	   2.361190    	   2.309498    
   1.730000    	   4.120606    	   3.489148    	   3.412764    
   1.750000    	   5.442527    	   4.608493    	   4.507603    
   1.770000    	   5.225313    	   4.424565    	   4.327702    
   1.790000    	   5.001739    	   4.235253    	   4.142534    
   1.810000    	   4.137022    	   3.503049    	   3.426360    
   1.830000    	   3.079714    	   2.607767    	   2.550677    
   1.850000    	   2.025757    	   1.715322    	   1.677770    
   1.870000    	   1.718601    	   1.455236    	   1.423378    
   1.890000    	   1.191715    	   1.009092    	  0.9870008    
   1.910000    	  0.8279759    	  0.7010937    	  0.6857452    
   1.930000    	  0.5672131    	  0.4802912    	  0.4697766    
   1.950000    	  0.4115835    	  0.3485108    	  0.3408811    
   1.970000    	  0.3508439    	  0.2970792    	  0.2905755    
   1.990000    	  0.2884987    	  0.2442880    	  0.2389400    
   2.010000    	  0.1975628    	  0.1672875    	  0.1636252    
   2.030000    	  0.1329239    	  0.1125541    	  0.1100901    
   2.050000    	  0.1079984    	  9.1448322E-02	  8.9446321E-02
   2.070000    	  0.1497512    	  0.1268027    	  0.1240268    
   2.090000    	  0.1325673    	  0.1122521    	  0.1097947    
   2.110000    	  0.1124896    	  9.5251225E-02	  9.3165964E-02
   2.130000    	  5.8643095E-02	  4.9656399E-02	  4.8569314E-02
   2.150000    	  9.1414273E-02	  7.7405594E-02	  7.5711019E-02
   2.170000    	  5.6501053E-02	  4.7842611E-02	  4.6795230E-02
   2.190000    	  5.2210618E-02	  4.4209659E-02	  4.3241814E-02
   2.210000    	  5.1269908E-02	  4.3413106E-02	  4.2462699E-02
   2.230000    	  6.2942989E-02	  5.2215807E-02	  5.0997153E-02
   2.250000    	  6.8011880E-02	  5.6527056E-02	  5.5215359E-02
   2.270000    	  6.9855921E-02	  5.9150927E-02	  5.7855990E-02
   2.290000    	  7.7594243E-02	  6.3652158E-02	  6.2115408E-02
   2.310000    	  4.3994099E-02	  3.5236392E-02	  3.4324203E-02
   2.330000    	  6.0538910E-02	  5.0270978E-02	  4.9101248E-02
   2.350000    	  4.2509176E-02	  3.5686266E-02	  3.4971546E-02
   2.370000    	  8.0803178E-02	  6.4941026E-02	  6.3449524E-02
   2.390000    	  0.1150749    	  0.1095683    	  0.1091237    
   2.410000    	  0.1293404    	  0.1279751    	  0.1278024    
   2.430000    	  0.1749277    	  0.1816492    	  0.1824031    
   2.450000    	  0.2294445    	  0.2559649    	  0.2588022    
   2.470000    	  0.3309199    	  0.3712165    	  0.3754258    
   2.490000    	  0.3761098    	  0.4270487    	  0.4324223    
   2.510000    	  0.4297598    	  0.4992208    	  0.5063903    
   2.530000    	  0.5794746    	  0.6630111    	  0.6717799    
   2.550000    	  0.6041162    	  0.7240376    	  0.7362691    
   2.570000    	  0.7914206    	  0.9515887    	  0.9681624    
   2.590000    	  0.7302507    	  0.9136893    	  0.9320803    
   2.610000    	  0.9327648    	   1.163168    	   1.186343    
   2.630000    	   1.022714    	   1.322025    	   1.351235    
   2.650000    	   1.065279    	   1.340730    	   1.367855    
   2.670000    	   1.214031    	   1.534655    	   1.566467    
   2.690000    	   1.232813    	   1.573240    	   1.606490    
   2.710000    	   1.297794    	   1.654795    	   1.689781    
   2.730000    	   1.430042    	   1.766535    	   1.800869    
   2.750000    	   1.415526    	   1.764005    	   1.798774    
   2.770000    	   1.368643    	   1.677529    	   1.708661    
   2.790000    	   1.556179    	   1.892326    	   1.926401    
   2.810000    	   1.401309    	   1.664862    	   1.692498    
   2.830000    	   1.399160    	   1.662349    	   1.689561    
   2.850000    	   1.435469    	   1.697205    	   1.724595    
   2.870000    	   1.478233    	   1.697006    	   1.720779    
   2.890000    	   1.362278    	   1.551461    	   1.572313    
   2.910000    	   1.391670    	   1.522809    	   1.538858    
   2.930000    	   1.465709    	   1.565737    	   1.580027    
   2.950000    	   1.373967    	   1.470353    	   1.483301    
   2.970000    	   1.302298    	   1.318108    	   1.324092    
   2.990000    	   1.379466    	   1.379173    	   1.384345    
   3.010000    	   1.340466    	   1.362350    	   1.368749    
   3.030000    	   1.295554    	   1.257111    	   1.257779    
   3.050000    	   1.239924    	   1.197208    	   1.197497    
   3.070000    	   1.150757    	   1.097674    	   1.096910    
   3.090000    	   1.242451    	   1.157184    	   1.153560    
   3.110000    	   1.131055    	   1.068602    	   1.066380    
   3.130000    	   1.143804    	   1.045753    	   1.040369    
   3.150000    	   1.124593    	   1.027253    	   1.022013    
   3.170000    	   1.054380    	  0.9605356    	  0.9546939    
   3.190000    	   1.024283    	  0.9324508    	  0.9269595    
   3.210000    	  0.9827008    	  0.8695537    	  0.8619606    
   3.230000    	  0.9960706    	  0.9035496    	  0.8972930    
   3.250000    	  0.9823673    	  0.8588526    	  0.8496290    
   3.270000    	  0.9191603    	  0.8420536    	  0.8365785    
   3.290000    	  0.9658547    	  0.8513067    	  0.8423322    
   3.310000    	  0.9242201    	  0.8203545    	  0.8120478    
   3.330000    	  0.8778676    	  0.7897387    	  0.7827967    
   3.350000    	  0.9022810    	  0.8146747    	  0.8075300    
   3.370000    	  0.9467255    	  0.8532563    	  0.8450772    
   3.390000    	  0.8525151    	  0.7589476    	  0.7506362    
   3.410000    	  0.8519657    	  0.7691496    	  0.7612932    
   3.430000    	  0.8074722    	  0.7254657    	  0.7174187    
   3.450000    	  0.8388988    	  0.7392054    	  0.7296975    
   3.470000    	  0.7915629    	  0.7297450    	  0.7232564    
   3.490000    	  0.7838015    	  0.7106980    	  0.7027757    
   3.510000    	  0.8422217    	  0.7595054    	  0.7513271    
   3.530000    	  0.8025619    	  0.7346735    	  0.7271616    
   3.550000    	  0.7935445    	  0.7246186    	  0.7173749    
   3.570000    	  0.7895901    	  0.7138669    	  0.7059429    
   3.590000    	  0.7298149    	  0.6618937    	  0.6548489    
   3.610000    	  0.7817965    	  0.7140707    	  0.7062933    
   3.630000    	  0.7518265    	  0.6772297    	  0.6693750    
   3.650000    	  0.7647551    	  0.7058520    	  0.6990346    
   3.670000    	  0.8273228    	  0.7706951    	  0.7638873    
   3.690000    	  0.7436672    	  0.6866915    	  0.6805685    
   3.710000    	  0.8004827    	  0.7335959    	  0.7259201    
   3.730000    	  0.7311774    	  0.6756351    	  0.6694056    
   3.750000    	  0.7534479    	  0.6947777    	  0.6880654    
   3.770000    	  0.7674979    	  0.7133943    	  0.7074144    
   3.790000    	  0.7300011    	  0.6675665    	  0.6605700    
   3.810000    	  0.7719518    	  0.7111841    	  0.7042571    
   3.830000    	  0.7575092    	  0.6904853    	  0.6831065    
   3.850000    	  0.7887262    	  0.7267745    	  0.7197043    
   3.870000    	  0.8150792    	  0.7483856    	  0.7408745    
   3.890000    	  0.7808631    	  0.7242000    	  0.7177926    
   3.910000    	  0.7462789    	  0.6875785    	  0.6807089    
   3.930000    	  0.8795525    	  0.8044519    	  0.7962375    
   3.950000    	  0.8064714    	  0.7360050    	  0.7282165    
   3.970000    	  0.7626185    	  0.7015851    	  0.6950327    
   3.990000    	  0.8601801    	  0.7832594    	  0.7752017    
   4.010000    	  0.8350754    	  0.7722321    	  0.7648662    
   4.030000    	  0.8036799    	  0.7053654    	  0.6953427    
   4.050000    	  0.8654150    	  0.7901002    	  0.7817878    
   4.070000    	  0.9060600    	  0.8319143    	  0.8234773    
   4.090000    	  0.8944135    	  0.8157041    	  0.8069237    
   4.110000    	  0.9357607    	  0.8570928    	  0.8486384    
   4.130000    	  0.9414003    	  0.8624197    	  0.8539453    
   4.150000    	  0.9232612    	  0.8467976    	  0.8383083    
   4.170000    	  0.9405270    	  0.8589243    	  0.8498586    
   4.190000    	  0.9485073    	  0.8722900    	  0.8636468    
   4.210000    	  0.9713050    	  0.8847733    	  0.8753547    
   4.230000    	  0.9385256    	  0.8493908    	  0.8400254    
   4.250000    	   1.023291    	  0.9309952    	  0.9205868    
   4.270000    	   1.024886    	  0.9540208    	  0.9459583    
   4.290000    	  0.9532749    	  0.8823305    	  0.8743414    
   4.310000    	   1.016061    	  0.9386492    	  0.9300625    
   4.330000    	   1.025896    	  0.9505721    	  0.9419934    
   4.350000    	  0.9759569    	  0.8991739    	  0.8908957    
   4.370000    	   1.024411    	  0.9411049    	  0.9322708    
   4.390000    	   1.021595    	  0.9549527    	  0.9472421    
   4.410000    	  0.9286579    	  0.8748169    	  0.8687975    
   4.430000    	  0.9976472    	  0.9422511    	  0.9360415    
   4.450000    	  0.9483930    	  0.8875133    	  0.8808849    
   4.470000    	   1.040967    	  0.9942678    	  0.9889747    
   4.490000    	   1.010754    	  0.9703101    	  0.9653614    
   4.510000    	  0.9610291    	  0.9222521    	  0.9178423    
   4.530000    	  0.9754417    	  0.9437940    	  0.9403696    
   4.550000    	  0.9374024    	  0.9149156    	  0.9119952    
   4.570000    	  0.9284661    	  0.9115119    	  0.9097430    
   4.590000    	  0.9515921    	  0.9445754    	  0.9435195    
   4.610000    	  0.9801742    	  0.9725642    	  0.9716005    
   4.630000    	  0.9439818    	  0.9326901    	  0.9315704    
   4.650000    	  0.9018602    	  0.9085715    	  0.9091956    
   4.670000    	  0.8740587    	  0.8913171    	  0.8929147    
   4.690000    	  0.8595049    	  0.8693328    	  0.8703154    
   4.710000    	  0.8867896    	  0.9066014    	  0.9086144    
   4.730000    	  0.8863014    	  0.9067517    	  0.9093385    
   4.750000    	  0.8129569    	  0.8604448    	  0.8652029    
   4.770000    	  0.8240379    	  0.8591806    	  0.8631899    
   4.790000    	  0.8662831    	  0.9123847    	  0.9173471    
   4.810000    	  0.8252714    	  0.8691192    	  0.8738877    
   4.830000    	  0.8714491    	  0.9071733    	  0.9112291    
   4.850000    	  0.8483086    	  0.8972738    	  0.9027442    
   4.870000    	  0.8505936    	  0.9153985    	  0.9221559    
   4.890000    	  0.8600125    	  0.9120648    	  0.9177536    
   4.910000    	  0.8419846    	  0.8976505    	  0.9038320    
   4.930000    	  0.8776658    	  0.9445702    	  0.9519075    
   4.950000    	  0.8309866    	  0.8832287    	  0.8890815    
   4.970000    	  0.8705648    	  0.9474011    	  0.9556022    
   4.990000    	  0.8906271    	  0.9421276    	  0.9480524    
   5.010000    	  0.8511074    	  0.8920398    	  0.8970954    
   5.030000    	  0.8647655    	  0.9100594    	  0.9155712    
   5.050000    	  0.9008873    	  0.9590765    	  0.9655389    
   5.070000    	  0.8840521    	  0.9544792    	  0.9622328    
   5.090000    	  0.8940325    	  0.9386095    	  0.9440928    
   5.110000    	  0.8900446    	  0.9329496    	  0.9380694    
   5.130000    	  0.8706296    	  0.9119338    	  0.9168339    
   5.150000    	  0.8969252    	  0.9533441    	  0.9597872    
   5.170000    	  0.8946834    	  0.9386746    	  0.9440401    
   5.190000    	  0.8843151    	  0.9404588    	  0.9466558    
   5.210000    	  0.8902233    	  0.9363713    	  0.9417769    
   5.230000    	  0.9108918    	  0.9673426    	  0.9735506    
   5.250000    	  0.8721672    	  0.9323332    	  0.9389778    
   5.270000    	  0.8807747    	  0.9202413    	  0.9251692    
   5.290000    	  0.8802793    	  0.9053736    	  0.9088255    
   5.310000    	  0.9003035    	  0.9336984    	  0.9378370    
   5.330000    	  0.9117393    	  0.9315881    	  0.9346665    
   5.350000    	  0.8896253    	  0.9152014    	  0.9188287    
   5.370000    	  0.8916945    	  0.9058817    	  0.9082575    
   5.390000    	  0.8818572    	  0.9032218    	  0.9063004    
   5.410000    	  0.9288219    	  0.9423145    	  0.9446846    
   5.430000    	  0.8896137    	  0.8945090    	  0.8960246    
   5.450000    	  0.9152378    	  0.9409268    	  0.9442987    
   5.470000    	  0.9200646    	  0.9381112    	  0.9406471    
   5.490000    	  0.8951993    	  0.9079210    	  0.9100215    
   5.510000    	  0.9124251    	  0.9123510    	  0.9133695    
   5.530000    	  0.9360318    	  0.9388256    	  0.9399069    
   5.550000    	  0.9292977    	  0.9218026    	  0.9219258    
   5.570000    	  0.9367607    	  0.9437521    	  0.9451140    
   5.590000    	  0.8779817    	  0.8744484    	  0.8747136    
   5.610000    	  0.9324008    	  0.9480006    	  0.9499541    
   5.630000    	  0.9144318    	  0.9070712    	  0.9068760    
   5.650000    	  0.9182649    	  0.8987842    	  0.8976935    
   5.670000    	  0.9113114    	  0.8921970    	  0.8907520    
   5.690000    	  0.9315031    	  0.9203661    	  0.9196861    
   5.710000    	  0.9072285    	  0.8734730    	  0.8709234    
   5.730000    	  0.9137765    	  0.8821358    	  0.8797131    
   5.750000    	  0.9315722    	  0.8973246    	  0.8945425    
   5.770000    	  0.9580312    	  0.9152897    	  0.9115939    
   5.790000    	  0.9677636    	  0.9321589    	  0.9294464    
   5.810000    	  0.8929582    	  0.8526589    	  0.8494244    
   5.830000    	  0.9195346    	  0.8795885    	  0.8761429    
   5.850000    	  0.8935934    	  0.8382678    	  0.8333628    
   5.870000    	  0.8911482    	  0.8311341    	  0.8257955    
   5.890000    	  0.9166853    	  0.8528818    	  0.8471511    
   5.910000    	  0.8992895    	  0.8383550    	  0.8329191    
   5.930000    	  0.9141515    	  0.8504552    	  0.8445729    
   5.950000    	  0.9376351    	  0.8793772    	  0.8738829    
   5.970000    	  0.8914039    	  0.8363424    	  0.8312073    
   5.990000    	  0.9181753    	  0.8462665    	  0.8396488    
   6.010000    	  0.8908433    	  0.8406844    	  0.8359204    
   6.030000    	  0.8608401    	  0.8010790    	  0.7952167    
   6.050000    	  0.8722612    	  0.8111303    	  0.8051636    
   6.070000    	  0.8711951    	  0.8108935    	  0.8050663    
   6.090000    	  0.8705462    	  0.8182933    	  0.8131820    
   6.110000    	  0.8874943    	  0.8272429    	  0.8211339    
   6.130000    	  0.9179473    	  0.8565755    	  0.8504685    
   6.150000    	  0.9326760    	  0.8743665    	  0.8684783    
   6.170000    	  0.8546952    	  0.8028493    	  0.7976104    
   6.190000    	  0.8700123    	  0.8114158    	  0.8055871    
   6.210000    	  0.8790273    	  0.8295975    	  0.8243797    
   6.230000    	  0.8947636    	  0.8339559    	  0.8276457    
   6.250000    	  0.8541896    	  0.7863767    	  0.7797688    
   6.270000    	  0.8427774    	  0.7957128    	  0.7905468    
   6.290000    	  0.8508759    	  0.7996587    	  0.7942230    
   6.310000    	  0.8828322    	  0.8295282    	  0.8237278    
   6.330000    	  0.8991352    	  0.8500583    	  0.8446978    
   6.350000    	  0.8593247    	  0.8059031    	  0.8003975    
   6.370000    	  0.8678222    	  0.8211656    	  0.8160154    
   6.390000    	  0.9317735    	  0.8794116    	  0.8740874    
   6.410000    	  0.8631196    	  0.8146217    	  0.8093275    
   6.430000    	  0.8573801    	  0.8138715    	  0.8092627    
   6.450000    	  0.8768998    	  0.8268158    	  0.8215010    
   6.470000    	  0.8871893    	  0.8386718    	  0.8334022    
   6.490000    	  0.8761562    	  0.8367030    	  0.8323873    
   6.510000    	  0.8848140    	  0.8423039    	  0.8376650    
   6.530000    	  0.8654552    	  0.8188011    	  0.8137705    
   6.550000    	  0.8481399    	  0.8006337    	  0.7956346    
   6.570000    	  0.8951947    	  0.8534229    	  0.8489876    
   6.590000    	  0.8803995    	  0.8372868    	  0.8328171    
   6.610000    	  0.8693487    	  0.8407458    	  0.8376963    
   6.630000    	  0.8950872    	  0.8495595    	  0.8447312    
   6.650000    	  0.9074064    	  0.8771905    	  0.8739921    
   6.670000    	  0.9061942    	  0.8702363    	  0.8662996    
   6.690000    	  0.9238632    	  0.9066502    	  0.9044431    
   6.710000    	  0.8804755    	  0.8506914    	  0.8474171    
   6.730000    	  0.8914905    	  0.8622887    	  0.8593333    
   6.750000    	  0.9016726    	  0.8713058    	  0.8681735    
   6.770000    	  0.8929383    	  0.8609294    	  0.8575649    
   6.790000    	  0.9165398    	  0.8893894    	  0.8865471    
   6.810000    	  0.9192635    	  0.8962787    	  0.8937118    
   6.830000    	  0.8991259    	  0.8758550    	  0.8734899    
   6.850000    	  0.9252358    	  0.9040064    	  0.9017377    
   6.870000    	  0.9231725    	  0.9038295    	  0.9017864    
   6.890000    	  0.8950731    	  0.8891116    	  0.8886064    
   6.910000    	  0.9151377    	  0.9005675    	  0.8991240    
   6.930000    	  0.9268090    	  0.9199404    	  0.9192175    
   6.950000    	  0.9107903    	  0.8925301    	  0.8909499    
   6.970000    	  0.9352089    	  0.9217013    	  0.9204320    
   6.990000    	  0.9462007    	  0.9394392    	  0.9387123    
