   1.000000    	   1.067427    	   1.055913    	   1.050447    
   1.100000    	  0.7130795    	  0.6148209    	  0.6013869    
   1.200000    	  0.4691528    	  0.3343369    	  0.3181513    
   1.300000    	  0.4004143    	  0.2835801    	  0.2699916    
   1.400000    	  0.4936447    	  0.4303951    	  0.4226328    
   1.500000    	  0.6815500    	  0.6760286    	  0.6740848    
   1.600000    	  0.8790326    	  0.9052325    	  0.9061532    
   1.700000    	   1.017748    	   1.032658    	   1.031989    
   1.800000    	   1.067588    	   1.030244    	   1.024007    
   1.900000    	   1.039979    	  0.9289523    	  0.9153745    
   2.000000    	  0.9750490    	  0.7980642    	  0.7784468    
   2.100000    	  0.9201763    	  0.7128092    	  0.6912456    
   2.200000    	  0.9093830    	  0.7238466    	  0.7059410    
   2.300000    	  0.9513213    	  0.8397071    	  0.8307793    
   2.400000    	   1.029196    	   1.027139    	   1.030543    
   2.500000    	   1.110918    	   1.227075    	   1.243187    
   2.600000    	   1.164088    	   1.378446    	   1.404607    
   2.700000    	   1.169199    	   1.440078    	   1.471452    
   2.800000    	   1.126069    	   1.402851    	   1.433840    
   2.900000    	   1.051763    	   1.288845    	   1.314592    
   3.000000    	  0.9719436    	   1.139515    	   1.157014    
   3.100000    	  0.9099205    	  0.9987233    	   1.007258    
   3.200000    	  0.8781493    	  0.8976673    	  0.8985381    
   3.300000    	  0.8753346    	  0.8470055    	  0.8427393    
   3.400000    	  0.8896641    	  0.8380551    	  0.8314263    
   3.500000    	  0.9060944    	  0.8511295    	  0.8443251    
   3.600000    	  0.9141523    	  0.8665971    	  0.8607574    
   3.700000    	  0.9128368    	  0.8737840    	  0.8689850    
   3.800000    	  0.9107501    	  0.8743938    	  0.8699805    
   3.900000    	  0.9217408    	  0.8797938    	  0.8748764    
   4.000000    	  0.9582081    	  0.9041210    	  0.8980303    
   4.100000    	   1.025032    	  0.9566459    	  0.9492007    
   4.200000    	   1.116621    	   1.036739    	   1.028282    
   4.300000    	   1.218133    	   1.133325    	   1.124568    
   4.400000    	   1.310174    	   1.228661    	   1.220441    
   4.500000    	   1.374948    	   1.304501    	   1.297556    
   4.600000    	   1.401475    	   1.347972    	   1.342808    
   4.700000    	   1.388035    	   1.354907    	   1.351763    
   4.800000    	   1.341306    	   1.329661    	   1.328556    
   4.900000    	   1.272951    	   1.282011    	   1.282814    
   5.000000    	   1.195292    	   1.222793    	   1.225280    
   5.100000    	   1.117800    	   1.160231    	   1.164095    
   5.200000    	   1.045562    	   1.098291    	   1.103142    
   5.300000    	  0.9798411    	   1.037357    	   1.042716    
   5.400000    	  0.9200366    	  0.9764265    	  0.9817557    
   5.500000    	  0.8658197    	  0.9155283    	  0.9202960    
   5.600000    	  0.8184096    	  0.8570956    	  0.8608668    
   5.700000    	  0.7804987    	  0.8057323    	  0.8082514    
   5.800000    	  0.7550676    	  0.7666214    	  0.7678576    
   5.900000    	  0.7438381    	  0.7434667    	  0.7436029    
   6.000000    	  0.7462215    	  0.7370175    	  0.7363847    
   6.100000    	  0.7593151    	  0.7448686    	  0.7438542    
   6.200000    	  0.7789335    	  0.7625877    	  0.7615444    
   6.300000    	  0.8011848    	  0.7855889    	  0.7847757    
   6.400000    	  0.8238367    	  0.8108599    	  0.8104256    
   6.500000    	  0.8468624    	  0.8377659    	  0.8377678    
   6.600000    	  0.8719496    	  0.8676242    	  0.8680636    
   6.700000    	  0.9012426    	  0.9023273    	  0.9031798    
   6.800000    	  0.9359164    	  0.9427161    	  0.9439406    
   6.900000    	  0.9752317    	  0.9874834    	  0.9890116    
   7.000000    	   1.016462    	   1.033105    	   1.034824    
   7.100000    	   1.055688    	   1.074812    	   1.076550    
   7.200000    	   1.089059    	   1.108128    	   1.109676    
   7.300000    	   1.113971    	   1.130306    	   1.131444    
   7.400000    	   1.129660    	   1.141022    	   1.141576    
   7.500000    	   1.137048    	   1.142118    	   1.141997    
   7.600000    	   1.137985    	   1.136558    	   1.135776    
   7.700000    	   1.134317    	   1.127145    	   1.125805    
   7.800000    	   1.127213    	   1.115570    	   1.113825    
   7.900000    	   1.117036    	   1.102186    	   1.100186    
   8.000000    	   1.103734    	   1.086524    	   1.084375    
   8.100000    	   1.087478    	   1.068208    	   1.065955    
   8.200000    	   1.069167    	   1.047774    	   1.045419    
   8.300000    	   1.050490    	   1.026953    	   1.024491    
   8.400001    	   1.033497    	   1.008266    	   1.005731    
   8.500000    	   1.019858    	  0.9941204    	  0.9916118    
   8.600000    	   1.010169    	  0.9858257    	  0.9835109    
   8.700000    	   1.003664    	  0.9830081    	  0.9810947    
   8.800000    	  0.9984794    	  0.9836994    	  0.9823883    
   8.900001    	  0.9924036    	  0.9850811    	  0.9845183    
   9.000000    	  0.9837921    	  0.9845682    	  0.9848111    
   9.100000    	  0.9722604    	  0.9807694    	  0.9817798    
   9.200000    	  0.9588667    	  0.9739310    	  0.9755922    
   9.300000    	  0.9457116    	  0.9656984    	  0.9678502    
   9.400001    	  0.9351344    	  0.9583346    	  0.9608095    
   9.500000    	  0.9288508    	  0.9537523    	  0.9564017    
   9.600000    	  0.9273866    	  0.9527776    	  0.9554821    
   9.700000    	  0.9300189    	  0.9549375    	  0.9576004    
   9.800000    	  0.9352123    	  0.9588133    	  0.9613475    
   9.900001    	  0.9413261    	  0.9627613    	  0.9650772    
   10.00000    	  0.9472743    	  0.9656550    	  0.9676581    
   10.10000    	  0.9528628    	  0.9673254    	  0.9689237    
   10.20000    	  0.9586908    	  0.9685339    	  0.9696534    
   10.30000    	  0.9657062    	  0.9705355    	  0.9711348    
   10.40000    	  0.9746457    	  0.9744640    	  0.9745437    
   10.50000    	  0.9856238    	  0.9808320    	  0.9804330    
   10.60000    	  0.9980431    	  0.9893563    	  0.9885497    
   10.70000    	   1.010836    	  0.9991512    	  0.9980230    
   10.80000    	   1.022898    	   1.009159    	   1.007796    
   10.90000    	   1.033485    	   1.018586    	   1.017068    
   11.00000    	   1.042397    	   1.027132    	   1.025528    
   11.10000    	   1.049872    	   1.034924    	   1.033295    
   11.20000    	   1.056266    	   1.042210    	   1.040614    
   11.30000    	   1.061701    	   1.049000    	   1.047492    
   11.40000    	   1.065855    	   1.054850    	   1.053478    
   11.50000    	   1.068021    	   1.058913    	   1.057717    
   11.60000    	   1.067389    	   1.060240    	   1.059247    
   11.70000    	   1.063435    	   1.058191    	   1.057412    
   11.80000    	   1.056204    	   1.052747    	   1.052180    
   11.90000    	   1.046377    	   1.044572    	   1.044207    
   12.00000    	   1.035057    	   1.034790    	   1.034614    
   12.10000    	   1.023393    	   1.024565    	   1.024566    
   12.20000    	   1.012199    	   1.014688    	   1.014853    
   12.30000    	   1.001742    	   1.005352    	   1.005664    
   12.40000    	  0.9917905    	  0.9962185    	  0.9966546    
   12.50000    	  0.9818928    	  0.9867393    	  0.9872663    
   12.60000    	  0.9717405    	  0.9765790    	  0.9771591    
   12.70000    	  0.9614570    	  0.9659379    	  0.9665358    
   12.80000    	  0.9516666    	  0.9556220    	  0.9562135    
   12.90000    	  0.9433234    	  0.9468241    	  0.9474027    
   13.00000    	  0.9373757    	  0.9407132    	  0.9412907    
   13.10000    	  0.9344258    	  0.9380146    	  0.9386150    
   13.20000    	  0.9345363    	  0.9387668    	  0.9394148    
   13.30000    	  0.9372626    	  0.9423553    	  0.9430636    
   13.40000    	  0.9418867    	  0.9478002    	  0.9485607    
   13.50000    	  0.9477338    	  0.9541590    	  0.9549414    
   13.60000    	  0.9544216    	  0.9608640    	  0.9616210    
   13.70000    	  0.9619281    	  0.9678445    	  0.9685243    
   13.80000    	  0.9704567    	  0.9753973    	  0.9759559    
   13.90000    	  0.9801736    	  0.9838788    	  0.9842893    
   14.00000    	  0.9909553    	  0.9933762    	  0.9936322    
   14.10000    	   1.002275    	   1.003521    	   1.003632    
   14.20000    	   1.013287    	   1.013530    	   1.013512    
   14.30000    	   1.023087    	   1.022460    	   1.022326    
   14.40000    	   1.031009    	   1.029545    	   1.029302    
   14.50000    	   1.036845    	   1.034473    	   1.034118    
   14.60000    	   1.040865    	   1.037461    	   1.036986    
   14.70000    	   1.043643    	   1.039101    	   1.038501    
   14.80000    	   1.045746    	   1.040057    	   1.039338    
   14.90000    	   1.047456    	   1.040743    	   1.039923    
   15.00000    	   1.048620    	   1.041140    	   1.040251    
   15.10000    	   1.048724    	   1.040827    	   1.039910    
   15.20000    	   1.047128    	   1.039212    	   1.038310    
   15.30000    	   1.043386    	   1.035841    	   1.034995    
   15.40000    	   1.037477    	   1.030656    	   1.029902    
   15.50000    	   1.029869    	   1.024071    	   1.023435    
   15.60000    	   1.021378    	   1.016839    	   1.016342    
   15.70000    	   1.012888    	   1.009776    	   1.009433    
   15.80000    	   1.005064    	   1.003466    	   1.003285    
   15.90000    	  0.9981765    	  0.9980881    	  0.9980714    
   16.00000    	  0.9921053    	  0.9934297    	  0.9935717    
   16.10000    	  0.9865176    	  0.9890796    	  0.9893671    
   16.20000    	  0.9811186    	  0.9846992    	  0.9851129    
   16.30000    	  0.9758607    	  0.9802428    	  0.9807605    
   16.40000    	  0.9710138    	  0.9760223    	  0.9766224    
   16.50000    	  0.9670700    	  0.9725893    	  0.9732528    
   16.60000    	  0.9645330    	  0.9704927    	  0.9712042    
   16.70000    	  0.9636958    	  0.9700282    	  0.9707731    
   16.80000    	  0.9645125    	  0.9710986    	  0.9718602    
   16.90000    	  0.9666209    	  0.9732507    	  0.9740065    
   17.00000    	  0.9695049    	  0.9758704    	  0.9765912    
   17.10000    	  0.9727139    	  0.9784452    	  0.9790971    
   17.20000    	  0.9760379    	  0.9807714    	  0.9813207    
   17.30000    	  0.9795554    	  0.9830127    	  0.9834321    
   17.40000    	  0.9835349    	  0.9855829    	  0.9858565    
   17.50000    	  0.9882417    	  0.9889122    	  0.9890382    
   17.60000    	  0.9937429    	  0.9932059    	  0.9931948    
   17.70000    	  0.9998066    	  0.9983072    	  0.9981776    
   17.80000    	   1.005943    	   1.003728    	   1.003501    
   17.90000    	   1.011572    	   1.008831    	   1.008523    
   18.00000    	   1.016232    	   1.013073    	   1.012699    
   18.10000    	   1.019740    	   1.016207    	   1.015774    
   18.20000    	   1.022227    	   1.018335    	   1.017851    
   18.30000    	   1.024020    	   1.019806    	   1.019280    
   18.40000    	   1.025453    	   1.021001    	   1.020446    
   18.50000    	   1.026667    	   1.022111    	   1.021545    
   18.60000    	   1.027518    	   1.023021    	   1.022465    
   18.70000    	   1.027630    	   1.023350    	   1.022821    
   18.80000    	   1.026564    	   1.022625    	   1.022141    
   18.90000    	   1.024041    	   1.020530    	   1.020101    
   19.00000    	   1.020104    	   1.017081    	   1.016714    
   19.10000    	   1.015147    	   1.012670    	   1.012373    
   19.20000    	   1.009787    	   1.007936    	   1.007717    
   19.30000    	   1.004652    	   1.003527    	   1.003396    
   19.40000    	   1.000146    	  0.9998484    	  0.9998145    
   19.50000    	  0.9963321    	  0.9969243    	  0.9969936    
   19.60000    	  0.9929518    	  0.9944228    	  0.9945940    
   19.70000    	  0.9895988    	  0.9918439    	  0.9921063    
   19.80000    	  0.9859530    	  0.9887857    	  0.9891201    
   19.90000    	  0.9819788    	  0.9851711    	  0.9855533    
   20.00000    	  0.9779956    	  0.9813338    	  0.9817401    
