 angle:	pba:
   1.500000    	           0	  0.0000000E+00
   4.500000    	           0	  0.0000000E+00
   7.500000    	           0	  0.0000000E+00
   10.50000    	           0	  0.0000000E+00
   13.50000    	           0	  0.0000000E+00
   16.50000    	           0	  0.0000000E+00
   19.50000    	           0	  0.0000000E+00
   22.50000    	           0	  0.0000000E+00
   25.50000    	           0	  0.0000000E+00
   28.50000    	           0	  0.0000000E+00
   31.50000    	           0	  0.0000000E+00
   34.50000    	           0	  0.0000000E+00
   37.50000    	           0	  0.0000000E+00
   40.50000    	           0	  0.0000000E+00
   43.50000    	           0	  0.0000000E+00
   46.50000    	           0	  0.0000000E+00
   49.50000    	           0	  0.0000000E+00
   52.50000    	           0	  0.0000000E+00
   55.50000    	           0	  0.0000000E+00
   58.50000    	           0	  0.0000000E+00
   61.50000    	           3	  1.8270403E-04
   64.50000    	          28	  1.7052375E-03
   67.50000    	          68	  4.1412911E-03
   70.50000    	         193	  1.1753959E-02
   73.50000    	         368	  2.2411693E-02
   76.50000    	         589	  3.5870887E-02
   79.50000    	         930	  5.6638245E-02
   82.50000    	        1075	  6.5468937E-02
   85.50000    	        1175	  7.1559072E-02
   88.50000    	        1223	  7.4482337E-02
   91.50000    	        1090	  6.6382460E-02
   94.50000    	        1021	  6.2180270E-02
   97.50000    	         906	  5.5176616E-02
   100.5000    	         768	  4.6772230E-02
   103.5000    	         731	  4.4518881E-02
   106.5000    	         601	  3.6601704E-02
   109.5000    	         484	  2.9476248E-02
   112.5000    	         418	  2.5456760E-02
   115.5000    	         361	  2.1985384E-02
   118.5000    	         336	  2.0462850E-02
   121.5000    	         270	  1.6443362E-02
   124.5000    	         239	  1.4555420E-02
   127.5000    	         240	  1.4616322E-02
   130.5000    	         221	  1.3459196E-02
   133.5000    	         225	  1.3702801E-02
   136.5000    	         209	  1.2728380E-02
   139.5000    	         197	  1.1997564E-02
   142.5000    	         202	  1.2302071E-02
   145.5000    	         203	  1.2362972E-02
   148.5000    	         223	  1.3580998E-02
   151.5000    	         214	  1.3032887E-02
   154.5000    	         235	  1.4311815E-02
   157.5000    	         249	  1.5164434E-02
   160.5000    	         254	  1.5468940E-02
   163.5000    	         213	  1.2971985E-02
   166.5000    	         189	  1.1510354E-02
   169.5000    	         193	  1.1753959E-02
   172.5000    	         149	  9.0742996E-03
   175.5000    	          91	  5.5420217E-03
   178.5000    	          36	  2.1924481E-03
   181.5000    	           0	  0.0000000E+00
   184.5000    	           0	  0.0000000E+00
   187.5000    	           0	  0.0000000E+00
   190.5000    	           0	  0.0000000E+00
   193.5000    	           0	  0.0000000E+00
   196.5000    	           0	  0.0000000E+00
   199.5000    	           0	  0.0000000E+00
   202.5000    	           0	  0.0000000E+00
   205.5000    	           0	  0.0000000E+00
   208.5000    	           0	  0.0000000E+00
   211.5000    	           0	  0.0000000E+00
   214.5000    	           0	  0.0000000E+00
   217.5000    	           0	  0.0000000E+00
   220.5000    	           0	  0.0000000E+00
   223.5000    	           0	  0.0000000E+00
   226.5000    	           0	  0.0000000E+00
   229.5000    	           0	  0.0000000E+00
   232.5000    	           0	  0.0000000E+00
   235.5000    	           0	  0.0000000E+00
   238.5000    	           0	  0.0000000E+00
   241.5000    	           0	  0.0000000E+00
   244.5000    	           0	  0.0000000E+00
   247.5000    	           0	  0.0000000E+00
   250.5000    	           0	  0.0000000E+00
   253.5000    	           0	  0.0000000E+00
   256.5000    	           0	  0.0000000E+00
   259.5000    	           0	  0.0000000E+00
   262.5000    	           0	  0.0000000E+00
   265.5000    	           0	  0.0000000E+00
   268.5000    	           0	  0.0000000E+00
   271.5000    	           0	  0.0000000E+00
   274.5000    	           0	  0.0000000E+00
   277.5000    	           0	  0.0000000E+00
   280.5000    	           0	  0.0000000E+00
   283.5000    	           0	  0.0000000E+00
   286.5000    	           0	  0.0000000E+00
   289.5000    	           0	  0.0000000E+00
   292.5000    	           0	  0.0000000E+00
   295.5000    	           0	  0.0000000E+00
   298.5000    	           0	  0.0000000E+00
   301.5000    	           0	  0.0000000E+00
   304.5000    	           0	  0.0000000E+00
   307.5000    	           0	  0.0000000E+00
   310.5000    	           0	  0.0000000E+00
   313.5000    	           0	  0.0000000E+00
   316.5000    	           0	  0.0000000E+00
   319.5000    	           0	  0.0000000E+00
   322.5000    	           0	  0.0000000E+00
   325.5000    	           0	  0.0000000E+00
   328.5000    	           0	  0.0000000E+00
   331.5000    	           0	  0.0000000E+00
   334.5000    	           0	  0.0000000E+00
   337.5000    	           0	  0.0000000E+00
   340.5000    	           0	  0.0000000E+00
   343.5000    	           0	  0.0000000E+00
   346.5000    	           0	  0.0000000E+00
   349.5000    	           0	  0.0000000E+00
   352.5000    	           0	  0.0000000E+00
   355.5000    	           0	  0.0000000E+00
   358.5000    	           0	  0.0000000E+00
 angle:	pba4:
   1.500000    	           0	  0.0000000E+00
   4.500000    	           0	  0.0000000E+00
   7.500000    	           0	  0.0000000E+00
   10.50000    	           0	  0.0000000E+00
   13.50000    	           0	  0.0000000E+00
   16.50000    	           0	  0.0000000E+00
   19.50000    	           0	  0.0000000E+00
   22.50000    	           0	  0.0000000E+00
   25.50000    	           0	  0.0000000E+00
   28.50000    	           0	  0.0000000E+00
   31.50000    	           0	  0.0000000E+00
   34.50000    	           0	  0.0000000E+00
   37.50000    	           0	  0.0000000E+00
   40.50000    	           0	  0.0000000E+00
   43.50000    	           0	  0.0000000E+00
   46.50000    	           0	  0.0000000E+00
   49.50000    	           0	  0.0000000E+00
   52.50000    	           0	  0.0000000E+00
   55.50000    	           0	  0.0000000E+00
   58.50000    	           0	  0.0000000E+00
   61.50000    	           0	  0.0000000E+00
   64.50000    	           0	  0.0000000E+00
   67.50000    	           5	  9.9206355E-04
   70.50000    	          25	  4.9603176E-03
   73.50000    	          49	  9.7222226E-03
   76.50000    	          85	  1.6865080E-02
   79.50000    	         184	  3.6507938E-02
   82.50000    	         226	  4.4841271E-02
   85.50000    	         294	  5.8333334E-02
   88.50000    	         325	  6.4484127E-02
   91.50000    	         336	  6.6666670E-02
   94.50000    	         322	  6.3888893E-02
   97.50000    	         301	  5.9722222E-02
   100.5000    	         270	  5.3571429E-02
   103.5000    	         275	  5.4563493E-02
   106.5000    	         259	  5.1388890E-02
   109.5000    	         222	  4.4047620E-02
   112.5000    	         194	  3.8492065E-02
   115.5000    	         179	  3.5515875E-02
   118.5000    	         172	  3.4126986E-02
   121.5000    	         140	  2.7777778E-02
   124.5000    	         131	  2.5992064E-02
   127.5000    	         129	  2.5595238E-02
   130.5000    	         113	  2.2420635E-02
   133.5000    	         107	  2.1230159E-02
   136.5000    	         101	  2.0039683E-02
   139.5000    	          83	  1.6468255E-02
   142.5000    	          71	  1.4087302E-02
   145.5000    	          77	  1.5277778E-02
   148.5000    	          61	  1.2103175E-02
   151.5000    	          56	  1.1111111E-02
   154.5000    	          60	  1.1904762E-02
   157.5000    	          55	  1.0912699E-02
   160.5000    	          35	  6.9444445E-03
   163.5000    	          27	  5.3571430E-03
   166.5000    	          16	  3.1746032E-03
   169.5000    	          29	  5.7539684E-03
   172.5000    	          13	  2.5793652E-03
   175.5000    	          11	  2.1825398E-03
   178.5000    	           2	  3.9682540E-04
   181.5000    	           0	  0.0000000E+00
   184.5000    	           0	  0.0000000E+00
   187.5000    	           0	  0.0000000E+00
   190.5000    	           0	  0.0000000E+00
   193.5000    	           0	  0.0000000E+00
   196.5000    	           0	  0.0000000E+00
   199.5000    	           0	  0.0000000E+00
   202.5000    	           0	  0.0000000E+00
   205.5000    	           0	  0.0000000E+00
   208.5000    	           0	  0.0000000E+00
   211.5000    	           0	  0.0000000E+00
   214.5000    	           0	  0.0000000E+00
   217.5000    	           0	  0.0000000E+00
   220.5000    	           0	  0.0000000E+00
   223.5000    	           0	  0.0000000E+00
   226.5000    	           0	  0.0000000E+00
   229.5000    	           0	  0.0000000E+00
   232.5000    	           0	  0.0000000E+00
   235.5000    	           0	  0.0000000E+00
   238.5000    	           0	  0.0000000E+00
   241.5000    	           0	  0.0000000E+00
   244.5000    	           0	  0.0000000E+00
   247.5000    	           0	  0.0000000E+00
   250.5000    	           0	  0.0000000E+00
   253.5000    	           0	  0.0000000E+00
   256.5000    	           0	  0.0000000E+00
   259.5000    	           0	  0.0000000E+00
   262.5000    	           0	  0.0000000E+00
   265.5000    	           0	  0.0000000E+00
   268.5000    	           0	  0.0000000E+00
   271.5000    	           0	  0.0000000E+00
   274.5000    	           0	  0.0000000E+00
   277.5000    	           0	  0.0000000E+00
   280.5000    	           0	  0.0000000E+00
   283.5000    	           0	  0.0000000E+00
   286.5000    	           0	  0.0000000E+00
   289.5000    	           0	  0.0000000E+00
   292.5000    	           0	  0.0000000E+00
   295.5000    	           0	  0.0000000E+00
   298.5000    	           0	  0.0000000E+00
   301.5000    	           0	  0.0000000E+00
   304.5000    	           0	  0.0000000E+00
   307.5000    	           0	  0.0000000E+00
   310.5000    	           0	  0.0000000E+00
   313.5000    	           0	  0.0000000E+00
   316.5000    	           0	  0.0000000E+00
   319.5000    	           0	  0.0000000E+00
   322.5000    	           0	  0.0000000E+00
   325.5000    	           0	  0.0000000E+00
   328.5000    	           0	  0.0000000E+00
   331.5000    	           0	  0.0000000E+00
   334.5000    	           0	  0.0000000E+00
   337.5000    	           0	  0.0000000E+00
   340.5000    	           0	  0.0000000E+00
   343.5000    	           0	  0.0000000E+00
   346.5000    	           0	  0.0000000E+00
   349.5000    	           0	  0.0000000E+00
   352.5000    	           0	  0.0000000E+00
   355.5000    	           0	  0.0000000E+00
   358.5000    	           0	  0.0000000E+00
 angle:	pba5:
   1.500000    	           0	  0.0000000E+00
   4.500000    	           0	  0.0000000E+00
   7.500000    	           0	  0.0000000E+00
   10.50000    	           0	  0.0000000E+00
   13.50000    	           0	  0.0000000E+00
   16.50000    	           0	  0.0000000E+00
   19.50000    	           0	  0.0000000E+00
   22.50000    	           0	  0.0000000E+00
   25.50000    	           0	  0.0000000E+00
   28.50000    	           0	  0.0000000E+00
   31.50000    	           0	  0.0000000E+00
   34.50000    	           0	  0.0000000E+00
   37.50000    	           0	  0.0000000E+00
   40.50000    	           0	  0.0000000E+00
   43.50000    	           0	  0.0000000E+00
   46.50000    	           0	  0.0000000E+00
   49.50000    	           0	  0.0000000E+00
   52.50000    	           0	  0.0000000E+00
   55.50000    	           0	  0.0000000E+00
   58.50000    	           0	  0.0000000E+00
   61.50000    	           1	  1.1682243E-04
   64.50000    	          11	  1.2850467E-03
   67.50000    	          38	  4.4392524E-03
   70.50000    	         116	  1.3551402E-02
   73.50000    	         216	  2.5233645E-02
   76.50000    	         352	  4.1121494E-02
   79.50000    	         542	  6.3317753E-02
   82.50000    	         613	  7.1612149E-02
   85.50000    	         649	  7.5817756E-02
   88.50000    	         653	  7.6285049E-02
   91.50000    	         572	  6.6822432E-02
   94.50000    	         537	  6.2733643E-02
   97.50000    	         441	  5.1518690E-02
   100.5000    	         404	  4.7196262E-02
   103.5000    	         339	  3.9602805E-02
   106.5000    	         269	  3.1425234E-02
   109.5000    	         216	  2.5233645E-02
   112.5000    	         189	  2.2079440E-02
   115.5000    	         159	  1.8574767E-02
   118.5000    	         142	  1.6588785E-02
   121.5000    	         112	  1.3084112E-02
   124.5000    	          93	  1.0864486E-02
   127.5000    	          96	  1.1214953E-02
   130.5000    	          95	  1.1098131E-02
   133.5000    	         109	  1.2733645E-02
   136.5000    	          97	  1.1331776E-02
   139.5000    	         101	  1.1799065E-02
   142.5000    	         111	  1.2967289E-02
   145.5000    	         103	  1.2032710E-02
   148.5000    	         128	  1.4953271E-02
   151.5000    	         120	  1.4018691E-02
   154.5000    	         124	  1.4485981E-02
   157.5000    	         148	  1.7289720E-02
   160.5000    	         161	  1.8808411E-02
   163.5000    	         127	  1.4836448E-02
   166.5000    	         117	  1.3668224E-02
   169.5000    	         107	  1.2500000E-02
   172.5000    	          74	  8.6448602E-03
   175.5000    	          54	  6.3084112E-03
   178.5000    	          24	  2.8037382E-03
   181.5000    	           0	  0.0000000E+00
   184.5000    	           0	  0.0000000E+00
   187.5000    	           0	  0.0000000E+00
   190.5000    	           0	  0.0000000E+00
   193.5000    	           0	  0.0000000E+00
   196.5000    	           0	  0.0000000E+00
   199.5000    	           0	  0.0000000E+00
   202.5000    	           0	  0.0000000E+00
   205.5000    	           0	  0.0000000E+00
   208.5000    	           0	  0.0000000E+00
   211.5000    	           0	  0.0000000E+00
   214.5000    	           0	  0.0000000E+00
   217.5000    	           0	  0.0000000E+00
   220.5000    	           0	  0.0000000E+00
   223.5000    	           0	  0.0000000E+00
   226.5000    	           0	  0.0000000E+00
   229.5000    	           0	  0.0000000E+00
   232.5000    	           0	  0.0000000E+00
   235.5000    	           0	  0.0000000E+00
   238.5000    	           0	  0.0000000E+00
   241.5000    	           0	  0.0000000E+00
   244.5000    	           0	  0.0000000E+00
   247.5000    	           0	  0.0000000E+00
   250.5000    	           0	  0.0000000E+00
   253.5000    	           0	  0.0000000E+00
   256.5000    	           0	  0.0000000E+00
   259.5000    	           0	  0.0000000E+00
   262.5000    	           0	  0.0000000E+00
   265.5000    	           0	  0.0000000E+00
   268.5000    	           0	  0.0000000E+00
   271.5000    	           0	  0.0000000E+00
   274.5000    	           0	  0.0000000E+00
   277.5000    	           0	  0.0000000E+00
   280.5000    	           0	  0.0000000E+00
   283.5000    	           0	  0.0000000E+00
   286.5000    	           0	  0.0000000E+00
   289.5000    	           0	  0.0000000E+00
   292.5000    	           0	  0.0000000E+00
   295.5000    	           0	  0.0000000E+00
   298.5000    	           0	  0.0000000E+00
   301.5000    	           0	  0.0000000E+00
   304.5000    	           0	  0.0000000E+00
   307.5000    	           0	  0.0000000E+00
   310.5000    	           0	  0.0000000E+00
   313.5000    	           0	  0.0000000E+00
   316.5000    	           0	  0.0000000E+00
   319.5000    	           0	  0.0000000E+00
   322.5000    	           0	  0.0000000E+00
   325.5000    	           0	  0.0000000E+00
   328.5000    	           0	  0.0000000E+00
   331.5000    	           0	  0.0000000E+00
   334.5000    	           0	  0.0000000E+00
   337.5000    	           0	  0.0000000E+00
   340.5000    	           0	  0.0000000E+00
   343.5000    	           0	  0.0000000E+00
   346.5000    	           0	  0.0000000E+00
   349.5000    	           0	  0.0000000E+00
   352.5000    	           0	  0.0000000E+00
   355.5000    	           0	  0.0000000E+00
   358.5000    	           0	  0.0000000E+00
 angle:	pba6:
   1.500000    	           0	  0.0000000E+00
   4.500000    	           0	  0.0000000E+00
   7.500000    	           0	  0.0000000E+00
   10.50000    	           0	  0.0000000E+00
   13.50000    	           0	  0.0000000E+00
   16.50000    	           0	  0.0000000E+00
   19.50000    	           0	  0.0000000E+00
   22.50000    	           0	  0.0000000E+00
   25.50000    	           0	  0.0000000E+00
   28.50000    	           0	  0.0000000E+00
   31.50000    	           0	  0.0000000E+00
   34.50000    	           0	  0.0000000E+00
   37.50000    	           0	  0.0000000E+00
   40.50000    	           0	  0.0000000E+00
   43.50000    	           0	  0.0000000E+00
   46.50000    	           0	  0.0000000E+00
   49.50000    	           0	  0.0000000E+00
   52.50000    	           0	  0.0000000E+00
   55.50000    	           0	  0.0000000E+00
   58.50000    	           0	  0.0000000E+00
   61.50000    	           2	  7.0921984E-04
   64.50000    	          17	  6.0283686E-03
   67.50000    	          25	  8.8652484E-03
   70.50000    	          52	  1.8439716E-02
   73.50000    	         103	  3.6524821E-02
   76.50000    	         152	  5.3900708E-02
   79.50000    	         204	  7.2340429E-02
   82.50000    	         236	  8.3687946E-02
   85.50000    	         232	  8.2269505E-02
   88.50000    	         245	  8.6879432E-02
   91.50000    	         182	  6.4539008E-02
   94.50000    	         162	  5.7446808E-02
   97.50000    	         164	  5.8156028E-02
   100.5000    	          94	  3.3333335E-02
   103.5000    	         117	  4.1489363E-02
   106.5000    	          73	  2.5886524E-02
   109.5000    	          46	  1.6312057E-02
   112.5000    	          35	  1.2411348E-02
   115.5000    	          23	  8.1560286E-03
   118.5000    	          22	  7.8014187E-03
   121.5000    	          18	  6.3829785E-03
   124.5000    	          15	  5.3191488E-03
   127.5000    	          15	  5.3191488E-03
   130.5000    	          13	  4.6099289E-03
   133.5000    	           9	  3.1914893E-03
   136.5000    	          11	  3.9007093E-03
   139.5000    	          13	  4.6099289E-03
   142.5000    	          20	  7.0921984E-03
   145.5000    	          23	  8.1560286E-03
   148.5000    	          34	  1.2056737E-02
   151.5000    	          38	  1.3475177E-02
   154.5000    	          51	  1.8085107E-02
   157.5000    	          46	  1.6312057E-02
   160.5000    	          58	  2.0567376E-02
   163.5000    	          59	  2.0921987E-02
   166.5000    	          56	  1.9858155E-02
   169.5000    	          57	  2.0212766E-02
   172.5000    	          62	  2.1985816E-02
   175.5000    	          26	  9.2198579E-03
   178.5000    	          10	  3.5460992E-03
   181.5000    	           0	  0.0000000E+00
   184.5000    	           0	  0.0000000E+00
   187.5000    	           0	  0.0000000E+00
   190.5000    	           0	  0.0000000E+00
   193.5000    	           0	  0.0000000E+00
   196.5000    	           0	  0.0000000E+00
   199.5000    	           0	  0.0000000E+00
   202.5000    	           0	  0.0000000E+00
   205.5000    	           0	  0.0000000E+00
   208.5000    	           0	  0.0000000E+00
   211.5000    	           0	  0.0000000E+00
   214.5000    	           0	  0.0000000E+00
   217.5000    	           0	  0.0000000E+00
   220.5000    	           0	  0.0000000E+00
   223.5000    	           0	  0.0000000E+00
   226.5000    	           0	  0.0000000E+00
   229.5000    	           0	  0.0000000E+00
   232.5000    	           0	  0.0000000E+00
   235.5000    	           0	  0.0000000E+00
   238.5000    	           0	  0.0000000E+00
   241.5000    	           0	  0.0000000E+00
   244.5000    	           0	  0.0000000E+00
   247.5000    	           0	  0.0000000E+00
   250.5000    	           0	  0.0000000E+00
   253.5000    	           0	  0.0000000E+00
   256.5000    	           0	  0.0000000E+00
   259.5000    	           0	  0.0000000E+00
   262.5000    	           0	  0.0000000E+00
   265.5000    	           0	  0.0000000E+00
   268.5000    	           0	  0.0000000E+00
   271.5000    	           0	  0.0000000E+00
   274.5000    	           0	  0.0000000E+00
   277.5000    	           0	  0.0000000E+00
   280.5000    	           0	  0.0000000E+00
   283.5000    	           0	  0.0000000E+00
   286.5000    	           0	  0.0000000E+00
   289.5000    	           0	  0.0000000E+00
   292.5000    	           0	  0.0000000E+00
   295.5000    	           0	  0.0000000E+00
   298.5000    	           0	  0.0000000E+00
   301.5000    	           0	  0.0000000E+00
   304.5000    	           0	  0.0000000E+00
   307.5000    	           0	  0.0000000E+00
   310.5000    	           0	  0.0000000E+00
   313.5000    	           0	  0.0000000E+00
   316.5000    	           0	  0.0000000E+00
   319.5000    	           0	  0.0000000E+00
   322.5000    	           0	  0.0000000E+00
   325.5000    	           0	  0.0000000E+00
   328.5000    	           0	  0.0000000E+00
   331.5000    	           0	  0.0000000E+00
   334.5000    	           0	  0.0000000E+00
   337.5000    	           0	  0.0000000E+00
   340.5000    	           0	  0.0000000E+00
   343.5000    	           0	  0.0000000E+00
   346.5000    	           0	  0.0000000E+00
   349.5000    	           0	  0.0000000E+00
   352.5000    	           0	  0.0000000E+00
   355.5000    	           0	  0.0000000E+00
   358.5000    	           0	  0.0000000E+00
