   1.010000    	  0.0000000E+00	  0.0000000E+00	  0.0000000E+00
   1.030000    	  0.0000000E+00	  0.0000000E+00	  0.0000000E+00
   1.050000    	  0.0000000E+00	  0.0000000E+00	  0.0000000E+00
   1.070000    	  0.0000000E+00	  0.0000000E+00	  0.0000000E+00
   1.090000    	  0.0000000E+00	  0.0000000E+00	  0.0000000E+00
   1.110000    	  0.0000000E+00	  0.0000000E+00	  0.0000000E+00
   1.130000    	  0.0000000E+00	  0.0000000E+00	  0.0000000E+00
   1.150000    	  0.0000000E+00	  0.0000000E+00	  0.0000000E+00
   1.170000    	  0.0000000E+00	  0.0000000E+00	  0.0000000E+00
   1.190000    	  0.0000000E+00	  0.0000000E+00	  0.0000000E+00
   1.210000    	  0.0000000E+00	  0.0000000E+00	  0.0000000E+00
   1.230000    	  0.0000000E+00	  0.0000000E+00	  0.0000000E+00
   1.250000    	  0.0000000E+00	  0.0000000E+00	  0.0000000E+00
   1.270000    	  0.0000000E+00	  0.0000000E+00	  0.0000000E+00
   1.290000    	  0.0000000E+00	  0.0000000E+00	  0.0000000E+00
   1.310000    	  0.0000000E+00	  0.0000000E+00	  0.0000000E+00
   1.330000    	  0.0000000E+00	  0.0000000E+00	  0.0000000E+00
   1.350000    	  0.0000000E+00	  0.0000000E+00	  0.0000000E+00
   1.370000    	  0.0000000E+00	  0.0000000E+00	  0.0000000E+00
   1.390000    	  0.0000000E+00	  0.0000000E+00	  0.0000000E+00
   1.410000    	  0.0000000E+00	  0.0000000E+00	  0.0000000E+00
   1.430000    	  7.1474067E-03	  6.0521103E-03	  5.9196162E-03
   1.450000    	  6.9515957E-03	  5.8863061E-03	  5.7574422E-03
   1.470000    	  6.7637232E-03	  5.7272236E-03	  5.6018429E-03
   1.490000    	  4.6083562E-02	  3.9021533E-02	  3.8167268E-02
   1.510000    	  0.1025620    	  8.6845018E-02	  8.4943801E-02
   1.530000    	  0.1248728    	  0.1057368    	  0.1034220    
   1.550000    	  0.2798434    	  0.2369591    	  0.2317715    
   1.570000    	  0.4921521    	  0.4167328    	  0.4076096    
   1.590000    	  0.6764133    	  0.5727571    	  0.5602182    
   1.610000    	  0.9303636    	  0.7877911    	  0.7705446    
   1.630000    	   1.210230    	   1.024770    	   1.002335    
   1.650000    	   1.508547    	   1.277372    	   1.249407    
   1.670000    	   1.745146    	   1.477713    	   1.445363    
   1.690000    	   1.847372    	   1.564273    	   1.530028    
   1.710000    	   2.019341    	   1.709889    	   1.672456    
   1.730000    	   2.041290    	   1.728474    	   1.690634    
   1.750000    	   1.956718    	   1.656863    	   1.620591    
   1.770000    	   2.038710    	   1.726290    	   1.688498    
   1.790000    	   1.966037    	   1.664754    	   1.628309    
   1.810000    	   1.896061    	   1.605501    	   1.570353    
   1.830000    	   1.802472    	   1.526254    	   1.492841    
   1.850000    	   1.746628    	   1.478968    	   1.446590    
   1.870000    	   1.650952    	   1.397954    	   1.367349    
   1.890000    	   1.317507    	   1.114201    	   1.089710    
   1.910000    	   1.229963    	   1.041479    	   1.018679    
   1.930000    	   1.196756    	   1.012012    	  0.9897631    
   1.950000    	   1.141584    	  0.9653221    	  0.9440967    
   1.970000    	  0.9980078    	  0.8450692    	  0.8265688    
   1.990000    	  0.9116147    	  0.7719153    	  0.7550164    
   2.010000    	  0.8646221    	  0.7321240    	  0.7160962    
   2.030000    	  0.8299354    	  0.7003151    	  0.6848135    
   2.050000    	  0.6990510    	  0.5915470    	  0.5786784    
   2.070000    	  0.5798675    	  0.4910063    	  0.4802572    
   2.090000    	  0.5520926    	  0.4671234    	  0.4569756    
   2.110000    	  0.5712219    	  0.4852270    	  0.4749161    
   2.130000    	  0.5863174    	  0.5035705    	  0.4935429    
   2.150000    	  0.5501649    	  0.4746555    	  0.4654686    
   2.170000    	  0.5059279    	  0.4420840    	  0.4343264    
   2.190000    	  0.4845397    	  0.4455921    	  0.4404814    
   2.210000    	  0.5087271    	  0.4644591    	  0.4590625    
   2.230000    	  0.4467395    	  0.4198692    	  0.4164139    
   2.250000    	  0.4994610    	  0.4751503    	  0.4718956    
   2.270000    	  0.5729546    	  0.5732248    	  0.5722926    
   2.290000    	  0.6800478    	  0.7284707    	  0.7321057    
   2.310000    	  0.5724570    	  0.6391906    	  0.6450942    
   2.330000    	  0.7026665    	  0.7897760    	  0.7973033    
   2.350000    	  0.6960502    	  0.7968466    	  0.8060657    
   2.370000    	  0.8196613    	  0.9309894    	  0.9417138    
   2.390000    	  0.8802037    	   1.036818    	   1.051419    
   2.410000    	   1.011608    	   1.166685    	   1.181416    
   2.430000    	   1.054430    	   1.280628    	   1.302525    
   2.450000    	   1.122508    	   1.355687    	   1.378375    
   2.470000    	   1.197834    	   1.452257    	   1.476667    
   2.490000    	   1.315395    	   1.596768    	   1.624409    
   2.510000    	   1.252757    	   1.522644    	   1.549256    
   2.530000    	   1.201061    	   1.447785    	   1.471939    
   2.550000    	   1.348626    	   1.643033    	   1.671890    
   2.570000    	   1.318866    	   1.596301    	   1.623803    
   2.590000    	   1.363940    	   1.698341    	   1.731010    
   2.610000    	   1.360282    	   1.630851    	   1.658347    
   2.630000    	   1.343898    	   1.601431    	   1.627705    
   2.650000    	   1.273738    	   1.498223    	   1.521322    
   2.670000    	   1.371589    	   1.587671    	   1.609831    
   2.690000    	   1.314913    	   1.538038    	   1.561019    
   2.710000    	   1.373191    	   1.617977    	   1.642927    
   2.730000    	   1.366873    	   1.589427    	   1.612111    
   2.750000    	   1.345130    	   1.529989    	   1.549451    
   2.770000    	   1.251487    	   1.423274    	   1.441723    
   2.790000    	   1.278672    	   1.458036    	   1.477073    
   2.810000    	   1.143922    	   1.272634    	   1.286718    
   2.830000    	   1.246431    	   1.351377    	   1.363959    
   2.850000    	   1.205607    	   1.323800    	   1.337174    
   2.870000    	   1.130306    	   1.217500    	   1.228171    
   2.890000    	   1.097217    	   1.157167    	   1.165223    
   2.910000    	   1.123610    	   1.169461    	   1.176254    
   2.930000    	   1.081083    	   1.147353    	   1.155896    
   2.950000    	   1.110140    	   1.157828    	   1.164763    
   2.970000    	   1.075356    	   1.149479    	   1.158459    
   2.990000    	   1.003798    	   1.008861    	   1.011693    
   3.010000    	   1.034060    	   1.041711    	   1.044647    
   3.030000    	   1.014086    	   1.000394    	   1.001502    
   3.050000    	   1.099813    	   1.118019    	   1.122018    
   3.070000    	   1.025051    	  0.9887338    	  0.9880547    
   3.090000    	  0.9720247    	  0.9352813    	  0.9341570    
   3.110000    	   1.023030    	  0.9745120    	  0.9725275    
   3.130000    	  0.9204857    	  0.8982069    	  0.8981532    
   3.150000    	  0.9972134    	  0.9671308    	  0.9660217    
   3.170000    	  0.9643075    	  0.9334083    	  0.9325739    
   3.190000    	  0.9838519    	  0.9501339    	  0.9487581    
   3.210000    	  0.9347509    	  0.8807184    	  0.8775438    
   3.230000    	  0.9232109    	  0.8556122    	  0.8511848    
   3.250000    	   1.010129    	  0.9354504    	  0.9305449    
   3.270000    	  0.9923427    	  0.9186787    	  0.9133043    
   3.290000    	  0.9425061    	  0.8706041    	  0.8650463    
   3.310000    	  0.9378209    	  0.8719262    	  0.8677267    
   3.330000    	  0.9608589    	  0.8949645    	  0.8900253    
   3.350000    	  0.8829998    	  0.7966913    	  0.7896351    
   3.370000    	  0.9729322    	  0.9139698    	  0.9094961    
   3.390000    	  0.9767477    	  0.9296586    	  0.9262353    
   3.410000    	  0.9326436    	  0.8351746    	  0.8269412    
   3.430000    	  0.9714917    	  0.8762059    	  0.8682576    
   3.450000    	  0.8828994    	  0.8304819    	  0.8259900    
   3.470000    	  0.9261602    	  0.8532084    	  0.8470437    
   3.490000    	  0.9383750    	  0.8749951    	  0.8698108    
   3.510000    	  0.9419477    	  0.8654813    	  0.8591290    
   3.530000    	  0.9500712    	  0.8718086    	  0.8648989    
   3.550000    	  0.8466164    	  0.7941142    	  0.7889725    
   3.570000    	  0.9254600    	  0.8791628    	  0.8746430    
   3.590000    	  0.9185793    	  0.8611431    	  0.8555834    
   3.610000    	  0.9566546    	  0.8838235    	  0.8768426    
   3.630000    	  0.8973375    	  0.8260907    	  0.8192876    
   3.650000    	  0.9138603    	  0.8580624    	  0.8523221    
   3.670000    	  0.8887351    	  0.8300047    	  0.8241923    
   3.690000    	  0.8823474    	  0.8205996    	  0.8141716    
   3.710000    	  0.9461291    	  0.8886480    	  0.8829293    
   3.730000    	  0.8855854    	  0.8310030    	  0.8252029    
   3.750000    	  0.9156592    	  0.8510574    	  0.8442396    
   3.770000    	  0.9419618    	  0.8858727    	  0.8799307    
   3.790000    	  0.9381517    	  0.8838326    	  0.8780364    
   3.810000    	  0.9625615    	  0.8948635    	  0.8877945    
   3.830000    	  0.9624987    	  0.9050786    	  0.8985856    
   3.850000    	  0.9732317    	  0.9179204    	  0.9116420    
   3.870000    	  0.9017177    	  0.8415094    	  0.8349934    
   3.890000    	  0.9349679    	  0.8757065    	  0.8693081    
   3.910000    	  0.9598442    	  0.8862883    	  0.8783208    
   3.930000    	  0.9529386    	  0.9082993    	  0.9028493    
   3.950000    	   1.024811    	  0.9641681    	  0.9571013    
   3.970000    	  0.9607254    	  0.9216599    	  0.9167325    
   3.990000    	   1.006202    	  0.9524294    	  0.9460397    
   4.010000    	  0.9652868    	  0.9082893    	  0.9017898    
   4.030000    	  0.9269317    	  0.8785619    	  0.8725000    
   4.050000    	  0.9837384    	  0.9375279    	  0.9316995    
   4.070000    	  0.9970345    	  0.9562904    	  0.9512706    
   4.090000    	   1.000413    	  0.9558166    	  0.9502781    
   4.110000    	   1.025310    	  0.9852282    	  0.9799284    
   4.130000    	   1.022259    	  0.9696329    	  0.9631284    
   4.150000    	   1.032797    	  0.9936908    	  0.9887000    
   4.170000    	   1.058215    	   1.008346    	   1.002212    
   4.190000    	   1.011507    	  0.9737474    	  0.9687179    
   4.210000    	   1.044799    	   1.017086    	   1.013191    
   4.230000    	   1.007987    	  0.9629182    	  0.9572727    
   4.250000    	  0.9839573    	  0.9565954    	  0.9526988    
   4.270000    	   1.050113    	   1.020163    	   1.016220    
   4.290000    	  0.9656940    	  0.9334142    	  0.9290090    
   4.310000    	  0.9968794    	  0.9704504    	  0.9668081    
   4.330000    	  0.9783370    	  0.9523305    	  0.9488108    
   4.350000    	   1.030381    	   1.018857    	   1.016666    
   4.370000    	   1.044697    	   1.051199    	   1.050526    
   4.390000    	   1.054918    	   1.051276    	   1.049764    
   4.410000    	  0.9649580    	  0.9670444    	  0.9662511    
   4.430000    	   1.031485    	   1.039401    	   1.039303    
   4.450000    	   1.019282    	   1.024658    	   1.024224    
   4.470000    	  0.9940884    	  0.9927467    	  0.9916993    
   4.490000    	   1.014976    	   1.017108    	   1.016602    
   4.510000    	   1.026114    	   1.049045    	   1.050389    
   4.530000    	   1.064793    	   1.089680    	   1.091511    
   4.550000    	   1.087223    	   1.116835    	   1.119123    
   4.570000    	  0.9755532    	   1.001680    	   1.003806    
   4.590000    	  0.9913508    	   1.016728    	   1.018646    
   4.610000    	   1.041913    	   1.074114    	   1.076761    
   4.630000    	   1.007704    	   1.042288    	   1.045131    
   4.650000    	   1.021361    	   1.074577    	   1.079168    
   4.670000    	   1.069596    	   1.109505    	   1.112928    
   4.690000    	   1.073782    	   1.116730    	   1.120612    
   4.710000    	   1.019881    	   1.070358    	   1.074922    
   4.730000    	   1.026300    	   1.087673    	   1.093427    
   4.750000    	   1.029984    	   1.074516    	   1.078657    
   4.770000    	   1.038709    	   1.099903    	   1.105690    
   4.790000    	  0.9905580    	   1.039502    	   1.044387    
   4.810000    	   1.011397    	   1.077135    	   1.083363    
   4.830000    	   1.036243    	   1.101602    	   1.107882    
   4.850000    	   1.033928    	   1.087000    	   1.092325    
   4.870000    	   1.016826    	   1.083074    	   1.089526    
   4.890000    	   1.057423    	   1.116627    	   1.122604    
   4.910000    	   1.028820    	   1.092574    	   1.098704    
   4.930000    	   1.062584    	   1.127715    	   1.134219    
   4.950000    	   1.028365    	   1.099201    	   1.106109    
   4.970000    	   1.055608    	   1.113605    	   1.119563    
   4.990000    	   1.026619    	   1.090931    	   1.097397    
   5.010000    	   1.038237    	   1.103465    	   1.110051    
   5.030000    	   1.002846    	   1.051417    	   1.056476    
   5.050000    	   1.012112    	   1.057371    	   1.062253    
   5.070000    	   1.038827    	   1.077753    	   1.082222    
   5.090000    	   1.001908    	   1.047624    	   1.052562    
   5.110000    	   1.026545    	   1.078513    	   1.083958    
   5.130000    	   1.013558    	   1.063788    	   1.069183    
   5.150000    	   1.020029    	   1.064394    	   1.069342    
   5.170000    	   1.023089    	   1.059651    	   1.063961    
   5.190000    	  0.9902587    	   1.038442    	   1.043552    
   5.210000    	   1.053746    	   1.095644    	   1.100539    
   5.230000    	   1.013642    	   1.041002    	   1.044341    
   5.250000    	  0.9619206    	  0.9806452    	  0.9831246    
   5.270000    	  0.9814725    	   1.002970    	   1.005794    
   5.290000    	  0.9986127    	   1.039054    	   1.043552    
   5.310000    	  0.9781454    	  0.9961867    	  0.9985771    
   5.330000    	   1.031527    	   1.050002    	   1.052538    
   5.350000    	   1.018212    	   1.032518    	   1.034698    
   5.370000    	  0.9690805    	   1.003533    	   1.007496    
   5.390000    	   1.014223    	   1.028131    	   1.030209    
   5.410000    	  0.9682864    	  0.9810724    	  0.9829420    
   5.430000    	  0.9557139    	  0.9472851    	  0.9473572    
   5.450000    	  0.9442838    	  0.9328452    	  0.9323450    
   5.470000    	  0.9681654    	  0.9776747    	  0.9791095    
   5.490000    	   1.023195    	   1.020303    	   1.020818    
   5.510000    	  0.9791930    	  0.9756164    	  0.9757555    
   5.530000    	  0.9797701    	  0.9867379    	  0.9877554    
   5.550000    	  0.9879053    	  0.9939523    	  0.9949867    
   5.570000    	  0.9666907    	  0.9586885    	  0.9584114    
   5.590000    	  0.9611890    	  0.9653325    	  0.9661010    
   5.610000    	  0.9645645    	  0.9515454    	  0.9508962    
   5.630000    	  0.9692514    	  0.9526330    	  0.9515535    
   5.650000    	  0.9857519    	  0.9650744    	  0.9637116    
   5.670000    	  0.9797193    	  0.9627900    	  0.9615571    
   5.690000    	  0.9899987    	  0.9666808    	  0.9649526    
   5.710000    	  0.9521444    	  0.9274838    	  0.9255818    
   5.730000    	  0.9553027    	  0.9442505    	  0.9434361    
   5.750000    	  0.9539734    	  0.9214897    	  0.9191231    
   5.770000    	  0.9552736    	  0.9170121    	  0.9139308    
   5.790000    	  0.9857436    	  0.9642543    	  0.9624655    
   5.810000    	  0.9547219    	  0.9230240    	  0.9202821    
   5.830000    	  0.9503328    	  0.9160497    	  0.9131148    
   5.850000    	  0.9921058    	  0.9734986    	  0.9718062    
   5.870000    	  0.9654207    	  0.9347445    	  0.9319372    
   5.890000    	  0.9689866    	  0.9347268    	  0.9317877    
   5.910000    	  0.9837805    	  0.9427388    	  0.9389583    
   5.930000    	  0.9867153    	  0.9541678    	  0.9513200    
   5.950000    	  0.9920656    	  0.9633142    	  0.9606385    
   5.970000    	   1.004294    	  0.9824042    	  0.9805051    
   5.990000    	  0.9833411    	  0.9517757    	  0.9487297    
   6.010000    	  0.9622402    	  0.9244364    	  0.9206858    
   6.030000    	   1.000486    	  0.9607419    	  0.9568991    
   6.050000    	   1.002267    	  0.9629137    	  0.9592321    
   6.070000    	   1.009954    	  0.9689435    	  0.9650344    
   6.090000    	  0.9915089    	  0.9648051    	  0.9621802    
   6.110000    	   1.004995    	  0.9762363    	  0.9731765    
   6.130000    	   1.012061    	  0.9805233    	  0.9772495    
   6.150000    	  0.9351594    	  0.9167671    	  0.9146457    
   6.170000    	   1.006660    	  0.9690977    	  0.9653525    
   6.190000    	   1.024578    	  0.9950670    	  0.9920043    
   6.210000    	  0.9634138    	  0.9434590    	  0.9412639    
   6.230000    	  0.9975310    	  0.9571765    	  0.9531506    
   6.250000    	   1.019593    	  0.9934126    	  0.9907850    
   6.270000    	  0.9971126    	  0.9548146    	  0.9504578    
   6.290000    	  0.9878264    	  0.9639539    	  0.9613090    
   6.310000    	  0.9771694    	  0.9565909    	  0.9543226    
   6.330000    	   1.015870    	  0.9866323    	  0.9835003    
   6.350000    	  0.9949825    	  0.9652693    	  0.9619722    
   6.370000    	   1.031608    	   1.009378    	   1.006890    
   6.390000    	  0.9979565    	  0.9728903    	  0.9703012    
   6.410000    	  0.9974301    	  0.9728972    	  0.9702012    
   6.430000    	   1.023758    	   1.003659    	   1.001228    
   6.450000    	   1.010392    	  0.9999917    	  0.9985827    
   6.470000    	  0.9709860    	  0.9500589    	  0.9474475    
   6.490000    	   1.006304    	  0.9895247    	  0.9873828    
   6.510000    	   1.027030    	   1.005487    	   1.003070    
   6.530000    	   1.021092    	  0.9995782    	  0.9971142    
   6.550000    	  0.9889743    	  0.9781077    	  0.9766222    
   6.570000    	   1.020209    	   1.006352    	   1.004817    
   6.590000    	  0.9988807    	  0.9920668    	  0.9911074    
   6.610000    	  0.9998701    	  0.9994293    	  0.9989814    
   6.630000    	   1.025102    	   1.026232    	   1.025915    
   6.650000    	   1.047699    	   1.038379    	   1.037150    
   6.670000    	   1.014815    	   1.008703    	   1.007388    
   6.690000    	   1.020839    	   1.028428    	   1.028626    
   6.710000    	   1.024501    	   1.012177    	   1.010666    
   6.730000    	   1.014871    	   1.016000    	   1.015630    
   6.750000    	  0.9941103    	   1.006975    	   1.007745    
   6.770000    	   1.000044    	  0.9971112    	  0.9966141    
   6.790000    	   1.019840    	   1.031679    	   1.032334    
   6.810000    	   1.047580    	   1.057989    	   1.058688    
   6.830000    	   1.038948    	   1.040075    	   1.039839    
   6.850000    	  0.9967572    	   1.003629    	   1.004075    
   6.870000    	   1.024407    	   1.037629    	   1.038515    
   6.890000    	   1.016929    	   1.038275    	   1.039920    
   6.910000    	   1.014418    	   1.029378    	   1.030694    
   6.930000    	   1.019527    	   1.021494    	   1.021475    
   6.950000    	   1.020930    	   1.039523    	   1.041001    
   6.970000    	   1.032529    	   1.052483    	   1.054239    
   6.990000    	   1.040090    	   1.054053    	   1.055311    
