   1.000000    	  0.7083972    	  0.6511615    	  0.6422741    
   1.100000    	  0.7008048    	  0.6183155    	  0.6069561    
   1.200000    	  0.6870694    	  0.5998211    	  0.5883154    
   1.300000    	  0.6743742    	  0.6024087    	  0.5928804    
   1.400000    	  0.6702743    	  0.6253505    	  0.6189002    
   1.500000    	  0.6794971    	  0.6604334    	  0.6567218    
   1.600000    	  0.7019598    	  0.6947115    	  0.6920912    
   1.700000    	  0.7328380    	  0.7153283    	  0.7114688    
   1.800000    	  0.7646691    	  0.7148082    	  0.7075981    
   1.900000    	  0.7906258    	  0.6948782    	  0.6832998    
   2.000000    	  0.8076006    	  0.6672384    	  0.6519095    
   2.100000    	  0.8178009    	  0.6506702    	  0.6338689    
   2.200000    	  0.8281338    	  0.6651919    	  0.6503333    
   2.300000    	  0.8475521    	  0.7250909    	  0.7158206    
   2.400000    	  0.8833522    	  0.8332075    	  0.8323795    
   2.500000    	  0.9378469    	  0.9785389    	  0.9873953    
   2.600000    	   1.006728    	   1.138183    	   1.155975    
   2.700000    	   1.079792    	   1.283161    	   1.307319    
   2.800000    	   1.143832    	   1.386351    	   1.413133    
   2.900000    	   1.186686    	   1.429979    	   1.455394    
   3.000000    	   1.201002    	   1.410313    	   1.431039    
   3.100000    	   1.186452    	   1.338107    	   1.352155    
   3.200000    	   1.149656    	   1.234829    	   1.241779    
   3.300000    	   1.101947    	   1.126040    	   1.126847    
   3.400000    	   1.055852    	   1.034205    	   1.030675    
   3.500000    	   1.021527    	  0.9732092    	  0.9673452    
   3.600000    	   1.004323    	  0.9461282    	  0.9395637    
   3.700000    	   1.004156    	  0.9465935    	  0.9402604    
   3.800000    	   1.016652    	  0.9628331    	  0.9569260    
   3.900000    	   1.035440    	  0.9826850    	  0.9768748    
   4.000000    	   1.054622    	  0.9977439    	  0.9915215    
   4.100000    	   1.070526    	   1.005352    	  0.9983593    
   4.200000    	   1.082257    	   1.008080    	   1.000315    
   4.300000    	   1.091041    	   1.011312    	   1.003156    
   4.400000    	   1.098858    	   1.020145    	   1.012240    
   4.500000    	   1.107027    	   1.036918    	   1.029962    
   4.600000    	   1.115344    	   1.060230    	   1.054778    
   4.700000    	   1.122043    	   1.085620    	   1.081970    
   4.800000    	   1.124499    	   1.107392    	   1.105574    
   4.900000    	   1.120273    	   1.120704    	   1.120549    
   5.000000    	   1.108027    	   1.123024    	   1.124284    
   5.100000    	   1.087960    	   1.114505    	   1.116937    
   5.200000    	   1.061638    	   1.097282    	   1.100692    
   5.300000    	   1.031403    	   1.074205    	   1.078418    
   5.400000    	  0.9996499    	   1.047639    	   1.052452    
   5.500000    	  0.9683014    	   1.018880    	   1.024010    
   5.600000    	  0.9386461    	  0.9883422    	  0.9934148    
   5.700000    	  0.9115220    	  0.9562923    	  0.9608924    
   5.800000    	  0.8876558    	  0.9236771    	  0.9274291    
   5.900000    	  0.8679231    	  0.8925463    	  0.8952053    
   6.000000    	  0.8533676    	  0.8658311    	  0.8673404    
   6.100000    	  0.8449593    	  0.8465494    	  0.8470439    
   6.200000    	  0.8432245    	  0.8368013    	  0.8365526    
   6.300000    	  0.8479549    	  0.8370239    	  0.8363488    
   6.400000    	  0.8581669    	  0.8458519    	  0.8450200    
   6.500000    	  0.8723655    	  0.8606600    	  0.8598320    
   6.600000    	  0.8890123    	  0.8785543    	  0.8777708    
   6.700000    	  0.9069975    	  0.8973851    	  0.8966027    
   6.800000    	  0.9259027    	  0.9163492    	  0.9155022    
   6.900000    	  0.9459317    	  0.9359456    	  0.9350041    
   7.000000    	  0.9675364    	  0.9573304    	  0.9563308    
   7.100000    	  0.9909030    	  0.9813839    	  0.9804215    
   7.200000    	   1.015529    	   1.007917    	   1.007108    
   7.300000    	   1.040085    	   1.035372    	   1.034801    
   7.400000    	   1.062642    	   1.061139    	   1.060830    
   7.500000    	   1.081168    	   1.082362    	   1.082264    
   7.600000    	   1.094108    	   1.096860    	   1.096874    
   7.700000    	   1.100818    	   1.103806    	   1.103821    
   7.800000    	   1.101665    	   1.103864    	   1.103803    
   7.900000    	   1.097805    	   1.098785    	   1.098625    
   8.000000    	   1.090701    	   1.090641    	   1.090411    
   8.100000    	   1.081630    	   1.081055    	   1.080806    
   8.200000    	   1.071345    	   1.070738    	   1.070512    
   8.300000    	   1.060034    	   1.059511    	   1.059315    
   8.400001    	   1.047545    	   1.046758    	   1.046556    
   8.500000    	   1.033767    	   1.032060    	   1.031794    
   8.600000    	   1.018964    	   1.015720    	   1.015339    
   8.700000    	   1.003919    	  0.9989159    	  0.9984063    
   8.800000    	  0.9898149    	  0.9834329    	  0.9828352    
   8.900001    	  0.9779074    	  0.9710828    	  0.9704826    
   9.000000    	  0.9691402    	  0.9630775    	  0.9625794    
   9.100000    	  0.9638560    	  0.9596243    	  0.9593167    
   9.200000    	  0.9617282    	  0.9599113    	  0.9598380    
   9.300000    	  0.9619309    	  0.9624747    	  0.9626248    
   9.400001    	  0.9634689    	  0.9657827    	  0.9661020    
   9.500000    	  0.9655265    	  0.9687850    	  0.9692029    
   9.600000    	  0.9676980    	  0.9712071    	  0.9716665    
   9.700000    	  0.9700198    	  0.9734882    	  0.9739667    
   9.800000    	  0.9728143    	  0.9764221    	  0.9769341    
   9.900001    	  0.9764322    	  0.9806775    	  0.9812589    
   10.00000    	  0.9810137    	  0.9864153    	  0.9870987    
   10.10000    	  0.9863708    	  0.9931632    	  0.9939534    
   10.20000    	  0.9920297    	  0.9999810    	   1.000843    
   10.30000    	  0.9974011    	   1.005827    	   1.006692    
   10.40000    	   1.001992    	   1.009952    	   1.010736    
   10.50000    	   1.005565    	   1.012154    	   1.012780    
   10.60000    	   1.008180    	   1.012786    	   1.013210    
   10.70000    	   1.010115    	   1.012555    	   1.012767    
   10.80000    	   1.011705    	   1.012188    	   1.012211    
   10.90000    	   1.013190    	   1.012151    	   1.012023    
   11.00000    	   1.014620    	   1.012505    	   1.012262    
   11.10000    	   1.015869    	   1.012970    	   1.012634    
   11.20000    	   1.016717    	   1.013118    	   1.012694    
   11.30000    	   1.016971    	   1.012615    	   1.012101    
   11.40000    	   1.016551    	   1.011376    	   1.010772    
   11.50000    	   1.015518    	   1.009585    	   1.008907    
   11.60000    	   1.014028    	   1.007586    	   1.006866    
   11.70000    	   1.012255    	   1.005708    	   1.004990    
   11.80000    	   1.010323    	   1.004122    	   1.003451    
   11.90000    	   1.008276    	   1.002799    	   1.002211    
   12.00000    	   1.006113    	   1.001580    	   1.001094    
   12.10000    	   1.003835    	   1.000303    	  0.9999222    
   12.20000    	   1.001500    	  0.9989248    	  0.9986447    
   12.30000    	  0.9992273    	  0.9975575    	  0.9973736    
   12.40000    	  0.9971614    	  0.9964058    	  0.9963199    
   12.50000    	  0.9953997    	  0.9956367    	  0.9956567    
   12.60000    	  0.9939332    	  0.9952534    	  0.9953871    
   12.70000    	  0.9926327    	  0.9950465    	  0.9952937    
   12.80000    	  0.9912981    	  0.9946594    	  0.9950049    
   12.90000    	  0.9897549    	  0.9937447    	  0.9941578    
   13.00000    	  0.9879559    	  0.9921435    	  0.9925838    
   13.10000    	  0.9860401    	  0.9899991    	  0.9904274    
   13.20000    	  0.9843137    	  0.9877460    	  0.9881345    
   13.30000    	  0.9831535    	  0.9859653    	  0.9863039    
   13.40000    	  0.9828684    	  0.9851654    	  0.9854605    
   13.50000    	  0.9835749    	  0.9855785    	  0.9858453    
   13.60000    	  0.9851412    	  0.9870635    	  0.9873157    
   13.70000    	  0.9872265    	  0.9891602    	  0.9894012    
   13.80000    	  0.9894029    	  0.9912746    	  0.9914945    
   13.90000    	  0.9913120    	  0.9929172    	  0.9930972    
   14.00000    	  0.9927919    	  0.9938940    	  0.9940149    
   14.10000    	  0.9939249    	  0.9943691    	  0.9944208    
   14.20000    	  0.9949858    	  0.9947754    	  0.9947619    
   14.30000    	  0.9963140    	  0.9956126    	  0.9955514    
   14.40000    	  0.9981642    	  0.9972237    	  0.9971375    
   14.50000    	   1.000595    	  0.9996428    	  0.9995504    
   14.60000    	   1.003439    	   1.002579    	   1.002487    
   14.70000    	   1.006365    	   1.005537    	   1.005437    
   14.80000    	   1.009002    	   1.008018    	   1.007894    
   14.90000    	   1.011065    	   1.009711    	   1.009545    
   15.00000    	   1.012441    	   1.010598    	   1.010384    
   15.10000    	   1.013199    	   1.010924    	   1.010671    
   15.20000    	   1.013528    	   1.011060    	   1.010793    
   15.30000    	   1.013630    	   1.011321    	   1.011074    
   15.40000    	   1.013625    	   1.011821    	   1.011625    
   15.50000    	   1.013507    	   1.012428    	   1.012300    
   15.60000    	   1.013162    	   1.012828    	   1.012768    
   15.70000    	   1.012432    	   1.012678    	   1.012668    
   15.80000    	   1.011213    	   1.011755    	   1.011771    
   15.90000    	   1.009512    	   1.010064    	   1.010083    
   16.00000    	   1.007468    	   1.007837    	   1.007844    
   16.10000    	   1.005307    	   1.005443    	   1.005437    
   16.20000    	   1.003272    	   1.003246    	   1.003235    
   16.30000    	   1.001541    	   1.001485    	   1.001482    
   16.40000    	   1.000181    	   1.000207    	   1.000220    
   16.50000    	  0.9991393    	  0.9992906    	  0.9993208    
   16.60000    	  0.9982862    	  0.9985294    	  0.9985710    
   16.70000    	  0.9974723    	  0.9977366    	  0.9977816    
   16.80000    	  0.9965860    	  0.9968210    	  0.9968643    
   16.90000    	  0.9955871    	  0.9958059    	  0.9958491    
   17.00000    	  0.9945087    	  0.9947921    	  0.9948433    
   17.10000    	  0.9934364    	  0.9938943    	  0.9939638    
   17.20000    	  0.9924771    	  0.9931862    	  0.9932804    
   17.30000    	  0.9917343    	  0.9926833    	  0.9927996    
   17.40000    	  0.9912942    	  0.9923673    	  0.9924932    
   17.50000    	  0.9912218    	  0.9922320    	  0.9923486    
   17.60000    	  0.9915584    	  0.9923193    	  0.9924087    
   17.70000    	  0.9923139    	  0.9927189    	  0.9927711    
   17.80000    	  0.9934531    	  0.9935250    	  0.9935430    
   17.90000    	  0.9948843    	  0.9947714    	  0.9947696    
   18.00000    	  0.9964600    	  0.9963771    	  0.9963760    
   18.10000    	  0.9979987    	  0.9981363    	  0.9981533    
   18.20000    	  0.9993253    	  0.9997661    	  0.9998085    
   18.30000    	   1.000319    	   1.000998    	   1.001059    
   18.40000    	   1.000951    	   1.001673    	   1.001735    
   18.50000    	   1.001288    	   1.001806    	   1.001845    
   18.60000    	   1.001462    	   1.001573    	   1.001573    
   18.70000    	   1.001621    	   1.001243    	   1.001196    
   18.80000    	   1.001855    	   1.001060    	   1.000974    
   18.90000    	   1.002168    	   1.001146    	   1.001039    
   19.00000    	   1.002464    	   1.001450    	   1.001343    
   19.10000    	   1.002596    	   1.001779    	   1.001689    
   19.20000    	   1.002435    	   1.001890    	   1.001822    
   19.30000    	   1.001930    	   1.001605    	   1.001555    
   19.40000    	   1.001151    	   1.000903    	   1.000857    
   19.50000    	   1.000269    	  0.9999354    	  0.9998816    
   19.60000    	  0.9995065    	  0.9989780    	  0.9989080    
   19.70000    	  0.9990503    	  0.9983172    	  0.9982331    
   19.80000    	  0.9989844    	  0.9981385    	  0.9980507    
   19.90000    	  0.9992583    	  0.9984545    	  0.9983780    
   20.00000    	  0.9997090    	  0.9991059    	  0.9990546    
