 ZAl-O=4:
 ncrys:	           0	  0.0000000E+00
           8	n8=           0	  0.0000000E+00
           9	n9=           0	  0.0000000E+00
          10	n10=           1	  1.3698630E-02
          11	n11=           5	  6.8493150E-02
          12	n12=          16	  0.2191781    
          13	n13=          27	  0.3698630    
          14	n14=          21	  0.2876712    
          15	n15=           3	  4.1095890E-02
          16	n16=           0	  0.0000000E+00
 nO-O=	          73
 Zo-o=	   12.97260    
 ZAl-O=5:
 ncrys:	           0	  0.0000000E+00
           8	n8=           0	  0.0000000E+00
           9	n9=           0	  0.0000000E+00
          10	n10=           7	  1.6867470E-02
          11	n11=          19	  4.5783132E-02
          12	n12=         103	  0.2481928    
          13	n13=         150	  0.3614458    
          14	n14=          96	  0.2313253    
          15	n15=          34	  8.1927709E-02
          16	n16=           6	  1.4457831E-02
 nO-O=	         415
 Zo-o=	   13.04819    
 ZAl-O=6:
 ncrys:	           0	  0.0000000E+00
           8	n8=           0	  0.0000000E+00
           9	n9=           0	  0.0000000E+00
          10	n10=           0	  0.0000000E+00
          11	n11=           4	  8.1632651E-02
          12	n12=          11	  0.2244898    
          13	n13=          15	  0.3061225    
          14	n14=          13	  0.2653061    
          15	n15=           6	  0.1224490    
          16	n16=           0	  0.0000000E+00
 nO-O=	          49
 Zo-o=	   13.12245    
 ZAl-O=45:
 ncrys:	           0	  0.0000000E+00
           8	n8=           0	  0.0000000E+00
           9	n9=           0	  0.0000000E+00
          10	n10=           6	  7.1174377E-03
          11	n11=          74	  8.7781735E-02
          12	n12=         170	  0.2016607    
          13	n13=         299	  0.3546856    
          14	n14=         218	  0.2586002    
          15	n15=          66	  7.8291818E-02
          16	n16=          10	  1.1862396E-02
 nO-O=	         843
 Zo-o=	   13.05219    
 ZAl-O=46:
 ncrys:	           0	  0.0000000E+00
           8	n8=           0	  0.0000000E+00
           9	n9=           0	  0.0000000E+00
          10	n10=           2	  8.6206896E-03
          11	n11=          16	  6.8965517E-02
          12	n12=          59	  0.2543103    
          13	n13=          96	  0.4137931    
          14	n14=          43	  0.1853448    
          15	n15=          15	  6.4655170E-02
          16	n16=           1	  4.3103448E-03
 nO-O=	         232
 Zo-o=	   12.90948    
 ZAl-O=56:
 ncrys:	           0	  0.0000000E+00
           8	n8=           0	  0.0000000E+00
           9	n9=           0	  0.0000000E+00
          10	n10=           8	  1.0139417E-02
          11	n11=          40	  5.0697085E-02
          12	n12=         180	  0.2281369    
          13	n13=         275	  0.3485425    
          14	n14=         210	  0.2661597    
          15	n15=          68	  8.6185046E-02
          16	n16=           8	  1.0139417E-02
 nO-O=	         789
 Zo-o=	   13.10900    
 ZAl-O=456:
 ncrys:	           0	  0.0000000E+00
           8	n8=           0	  0.0000000E+00
           9	n9=           0	  0.0000000E+00
          10	n10=           5	  8.3472459E-03
          11	n11=          40	  6.6777967E-02
          12	n12=         134	  0.2237062    
          13	n13=         215	  0.3589315    
          14	n14=         140	  0.2337229    
          15	n15=          53	  8.8480800E-02
          16	n16=          12	  2.0033389E-02
 nO-O=	         599
 Zo-o=	   13.08848    
