 temp:	  etot:	  ekin:	  epot:
  0.7486317    	  -1050.851    	  1.7542930E-02	  -1050.869    	   71.52478    
   2997.620    	  -824.1043    	   71.19496    	  -895.2993    	   68.03577    
   2998.516    	  -825.4429    	   71.21625    	  -896.6592    	   67.79102    
   3000.032    	  -825.4235    	   71.25272    	  -896.6763    	   67.68243    
   2994.807    	  -823.9014    	   71.12815    	  -895.0295    	   67.69585    
   3002.904    	  -827.7925    	   71.32095    	  -899.1134    	   67.65498    
   2998.745    	  -826.9612    	   71.22169    	  -898.1829    	   67.72250    
   3001.921    	  -825.3649    	   71.29760    	  -896.6625    	   67.65456    
   2999.121    	  -824.8395    	   71.23061    	  -896.0701    	   67.70855    
   2994.729    	  -824.8588    	   71.12631    	  -895.9851    	   67.68130    
   2993.605    	  -826.4465    	   71.09962    	  -897.5461    	   67.73532    
   2995.610    	  -827.0432    	   71.14723    	  -898.1904    	   67.65393    
   2993.894    	  -826.0113    	   71.10647    	  -897.1177    	   67.68086    
   2997.917    	  -826.4092    	   71.20203    	  -897.6113    	   67.66702    
   3000.838    	  -827.4335    	   71.27187    	  -898.7054    	   67.66683    
   3000.022    	  -825.8463    	   71.25250    	  -897.0988    	   67.65311    
   2996.635    	  -825.8543    	   71.17156    	  -897.0259    	   67.69358    
   2992.929    	  -827.0054    	   71.08356    	  -898.0890    	   67.70697    
   3007.283    	  -827.5029    	   71.42495    	  -898.9279    	   67.69318    
   2999.713    	  -825.5753    	   71.24468    	  -896.8199    	   67.74721    
   3003.222    	  -825.2262    	   71.32849    	  -896.5547    	   67.69287    
   3008.028    	  -826.5442    	   71.44263    	  -897.9868    	   67.69273    
   2997.536    	  -826.1949    	   71.19297    	  -897.3879    	   67.71955    
   3009.794    	  -823.1559    	   71.48458    	  -894.6405    	   67.66530    
   2998.538    	  -825.4210    	   71.21678    	  -896.6378    	   67.71933    
   2999.157    	  -825.5127    	   71.23148    	  -896.7442    	   67.69208    
   3006.945    	  -825.4263    	   71.41691    	  -896.8432    	   67.67835    
   2999.422    	  -827.2022    	   71.23778    	  -898.4400    	   67.61058    
   2989.118    	  -825.6393    	   70.99303    	  -896.6323    	   67.70512    
   2999.571    	  -825.0448    	   71.24129    	  -896.2861    	   67.63715    
   2999.696    	  -824.2800    	   71.24427    	  -895.5243    	   67.66405    
   2998.615    	  -823.8564    	   71.21861    	  -895.0751    	   67.74509    
   2997.150    	  -825.6874    	   71.18382    	  -896.8713    	   67.74495    
   3006.684    	  -824.8679    	   71.41073    	  -896.2786    	   67.74476    
   2997.530    	  -826.2690    	   71.19283    	  -897.4619    	   67.64977    
   3005.519    	  -826.2222    	   71.38306    	  -897.6052    	   67.64968    
   3005.712    	  -825.2990    	   71.38763    	  -896.6866    	   67.70362    
   3003.534    	  -824.1290    	   71.33590    	  -895.4649    	   67.73055    
   2999.536    	  -824.7675    	   71.24048    	  -896.0080    	   67.73041    
   3000.082    	  -826.1070    	   71.25391    	  -897.3609    	   67.62187    
   2995.790    	  -825.7571    	   71.15151    	  -896.9086    	   67.67587    
   2997.865    	  -826.2236    	   71.20078    	  -897.4244    	   67.68929    
   3008.112    	  -825.8589    	   71.44464    	  -897.3035    	   67.68909    
   2995.237    	  -825.6335    	   71.13837    	  -896.7719    	   67.71607    
   2998.704    	  -827.4835    	   71.22072    	  -898.7042    	   67.64821    
   2999.749    	  -826.4401    	   71.24554    	  -897.6856    	   67.71570    
   2995.728    	  -823.1790    	   71.15002    	  -894.3290    	   67.72910    
   3003.762    	  -826.0862    	   71.34132    	  -897.4276    	   67.66125    
   2995.235    	  -826.8492    	   71.13832    	  -897.9875    	   67.68819    
   2998.525    	  -825.0854    	   71.21645    	  -896.3019    	   67.67450    
   3007.942    	  -826.0638    	   71.44060    	  -897.5044    	   67.67429    
   2997.590    	  -824.3105    	   71.19427    	  -895.5048    	   67.64700    
   3016.324    	  -824.7144    	   71.63968    	  -896.3540    	   67.76874    
   3001.722    	  -826.5117    	   71.29286    	  -897.8045    	   67.66022    
   2992.250    	  -825.0838    	   71.06744    	  -896.1512    	   67.70058    
   3004.472    	  -825.0721    	   71.35818    	  -896.4302    	   67.63275    
   3006.743    	  -825.7101    	   71.41211    	  -897.1222    	   67.65968    
   2996.773    	  -824.1085    	   71.17487    	  -895.2834    	   67.70004    
   2997.933    	  -826.5042    	   71.20240    	  -897.7065    	   67.72697    
   3001.501    	  -825.8647    	   71.28762    	  -897.1523    	   67.67267    
   3003.721    	  -828.5220    	   71.34035    	  -899.8623    	   67.61839    
   2999.483    	  -824.3484    	   71.23921    	  -895.5876    	   67.72645    
   2996.998    	  -825.9263    	   71.18019    	  -897.1064    	   67.69921    
   2999.153    	  -826.8914    	   71.23138    	  -898.1228    	   67.68549    
   2996.313    	  -826.4993    	   71.16393    	  -897.6632    	   67.72585    
   2989.260    	  -826.5646    	   70.99641    	  -897.5610    	   67.65804    
   3001.489    	  -825.4712    	   71.28732    	  -896.7585    	   67.64434    
   3002.691    	  -824.3790    	   71.31588    	  -895.6948    	   67.68482    
   3000.319    	  -826.1795    	   71.25954    	  -897.4390    	   67.69826    
   2993.794    	  -825.1395    	   71.10411    	  -896.2437    	   67.72517    
   2998.113    	  -827.3499    	   71.20668    	  -898.5565    	   67.69794    
   3006.715    	  -824.3123    	   71.41145    	  -895.7237    	   67.71133    
   3001.515    	  -826.5113    	   71.28796    	  -897.7993    	   67.67048    
   2998.991    	  -826.3342    	   71.22754    	  -897.5618    	   67.69727    
   2999.425    	  -827.5607    	   71.23783    	  -898.7986    	   67.72417    
   2993.503    	  -823.0984    	   71.09720    	  -894.1956    	   67.66994    
   3002.958    	  -826.4589    	   71.32223    	  -897.7811    	   67.71040    
   3006.385    	  -826.6000    	   71.40363    	  -898.0037    	   67.58852    
   2992.815    	  -826.0067    	   71.08084    	  -897.0876    	   67.69662    
   3005.359    	  -828.9351    	   71.37925    	  -900.3144    	   67.65590    
   3001.533    	  -827.3076    	   71.28839    	  -898.5959    	   67.66927    
   2993.906    	  -825.2783    	   71.10676    	  -896.3851    	   67.72332    
   3004.032    	  -826.3068    	   71.34772    	  -897.6545    	   67.69600    
   2994.652    	  -826.4673    	   71.12447    	  -897.5918    	   67.72298    
   3019.155    	  -824.3238    	   71.70692    	  -896.0307    	   67.70918    
   3002.040    	  -824.4496    	   71.30042    	  -895.7501    	   67.74963    
   2997.856    	  -825.7524    	   71.20058    	  -896.9530    	   67.68180    
   3007.192    	  -825.2716    	   71.42280    	  -896.6944    	   67.64101    
   2988.260    	  -826.6188    	   70.97267    	  -897.5915    	   67.66797    
   3002.263    	  -825.9533    	   71.30573    	  -897.2590    	   67.69492    
   3001.890    	  -826.4984    	   71.29687    	  -897.7953    	   67.66771    
   3000.104    	  -825.4108    	   71.25443    	  -896.6652    	   67.69462    
   2998.882    	  -826.5101    	   71.22495    	  -897.7350    	   67.68098    
   2999.981    	  -826.0353    	   71.25105    	  -897.2864    	   67.70787    
   2998.771    	  -827.2127    	   71.22231    	  -898.4350    	   67.70763    
   3002.515    	  -825.4117    	   71.31171    	  -896.7234    	   67.63982    
   2994.457    	  -824.0405    	   71.11985    	  -895.1604    	   67.73434    
   2997.475    	  -825.8785    	   71.19152    	  -897.0700    	   67.69356    
   3006.736    	  -827.4905    	   71.41195    	  -898.9025    	   67.73404    
   2995.540    	  -826.2437    	   71.14558    	  -897.3893    	   67.66615    
   2996.494    	  -823.4111    	   71.16823    	  -894.5793    	   67.80154    
   3001.501    	  -825.3979    	   71.28762    	  -896.6855    	   67.65240    
   3004.333    	  -825.8059    	   71.35489    	  -897.1608    	   67.73355    
   3000.485    	  -825.6118    	   71.26348    	  -896.8752    	   67.73328    
   3008.187    	  -824.9440    	   71.44641    	  -896.3904    	   67.74675    
   2999.103    	  -824.0355    	   71.23019    	  -895.2657    	   67.73307    
   2999.808    	  -823.8982    	   71.24693    	  -895.1451    	   67.73286    
   2997.357    	  -825.7996    	   71.18871    	  -896.9883    	   67.74625    
   2995.711    	  -826.3607    	   71.14964    	  -897.5103    	   67.67840    
   2996.997    	  -825.8113    	   71.18018    	  -896.9915    	   67.73233    
   2990.827    	  -827.0572    	   71.03364    	  -898.0908    	   67.75918    
   3003.192    	  -825.3881    	   71.32778    	  -896.7159    	   67.78610    
   2998.997    	  -825.4741    	   71.22767    	  -896.7018    	   67.71809    
   3001.340    	  -826.7848    	   71.28380    	  -898.0686    	   67.70438    
   2996.966    	  -824.0573    	   71.17943    	  -895.2368    	   67.74487    
   2997.261    	  -824.4461    	   71.18645    	  -895.6326    	   67.74463    
   2999.292    	  -826.6664    	   71.23468    	  -897.9011    	   67.69016    
   2999.694    	  -824.7328    	   71.24423    	  -895.9770    	   67.66288    
   2997.417    	  -828.0928    	   71.19016    	  -899.2830    	   67.67620    
   2999.326    	  -824.8657    	   71.23550    	  -896.1011    	   67.66251    
   3005.153    	  -825.5538    	   71.37437    	  -896.9282    	   67.71653    
   3005.187    	  -826.5067    	   71.37517    	  -897.8818    	   67.70278    
   2991.519    	  -825.9251    	   71.05006    	  -896.9752    	   67.70267    
   2995.358    	  -824.3823    	   71.14126    	  -895.5235    	   67.74315    
   3004.637    	  -822.5410    	   71.36210    	  -893.9031    	   67.74287    
   2998.785    	  -826.9845    	   71.22264    	  -898.2072    	   67.70203    
   3002.214    	  -826.7610    	   71.30454    	  -898.0656    	   67.63413    
   3006.731    	  -825.3416    	   71.41183    	  -896.7534    	   67.72873    
   3000.667    	  -825.8851    	   71.26781    	  -897.1530    	   67.68796    
   2999.245    	  -826.1442    	   71.23357    	  -897.3777    	   67.66061    
   3001.847    	  -824.3415    	   71.29584    	  -895.6373    	   67.66048    
   2996.663    	  -825.2522    	   71.17223    	  -896.4244    	   67.63326    
   3000.314    	  -827.1870    	   71.25943    	  -898.4465    	   67.66016    
   2998.280    	  -823.8228    	   71.21065    	  -895.0334    	   67.76842    
   2990.064    	  -824.9081    	   71.01550    	  -895.9236    	   67.72758    
   2999.212    	  -826.7320    	   71.23278    	  -897.9648    	   67.65958    
   3005.379    	  -826.9165    	   71.37973    	  -898.2962    	   67.64581    
   2988.876    	  -825.7770    	   70.98730    	  -896.7643    	   67.67271    
   2996.449    	  -826.9560    	   71.16717    	  -898.1232    	   67.68612    
   3003.734    	  -825.6404    	   71.34066    	  -896.9811    	   67.67245    
   3000.875    	  -825.8853    	   71.27274    	  -897.1580    	   67.65873    
   2999.008    	  -825.8977    	   71.22794    	  -897.1257    	   67.69919    
   3004.749    	  -826.7966    	   71.36477    	  -898.1613    	   67.64484    
   3003.377    	  -828.4775    	   71.33219    	  -899.8097    	   67.63114    
   2991.561    	  -823.4972    	   71.05106    	  -894.5483    	   67.68514    
   2998.470    	  -827.3051    	   71.21515    	  -898.5202    	   67.67144    
   2993.629    	  -825.8232    	   71.10019    	  -896.9234    	   67.65778    
   2989.109    	  -827.4463    	   70.99284    	  -898.4391    	   67.65756    
   3001.839    	  -824.8508    	   71.29565    	  -896.1464    	   67.72516    
   3001.823    	  -825.2730    	   71.29528    	  -896.5683    	   67.71145    
   2999.509    	  -825.2610    	   71.23982    	  -896.5009    	   67.73840    
   2992.638    	  -824.6163    	   71.07664    	  -895.6929    	   67.65700    
   3005.964    	  -823.1039    	   71.39362    	  -894.4976    	   67.72456    
   2999.520    	  -824.8172    	   71.24009    	  -896.0573    	   67.71088    
   2996.154    	  -824.8087    	   71.16014    	  -895.9689    	   67.72429    
   2999.420    	  -824.2957    	   71.23772    	  -895.5334    	   67.71058    
   3003.728    	  -824.7418    	   71.34052    	  -896.0823    	   67.66987    
   3000.292    	  -826.3613    	   71.25891    	  -897.6202    	   67.71035    
   3001.028    	  -827.7852    	   71.27638    	  -899.0615    	   67.65608    
   2997.415    	  -825.9739    	   71.19010    	  -897.1641    	   67.65594    
   3001.791    	  -824.3691    	   71.29449    	  -895.6636    	   67.69640    
   2998.294    	  -827.2127    	   71.21099    	  -898.4237    	   67.66915    
   3002.636    	  -826.8617    	   71.31457    	  -898.1763    	   67.68250    
   3010.397    	  -825.5834    	   71.49890    	  -897.0823    	   67.70941    
   3005.061    	  -825.9799    	   71.37216    	  -897.3520    	   67.69572    
   2994.726    	  -826.3929    	   71.12624    	  -897.5191    	   67.69555    
   3010.499    	  -825.2353    	   71.50133    	  -896.7366    	   67.74947    
   3003.095    	  -823.4756    	   71.32549    	  -894.8011    	   67.80350    
   3008.347    	  -827.1304    	   71.45022    	  -898.5806    	   67.72204    
   3009.216    	  -824.7479    	   71.47086    	  -896.2188    	   67.77598    
   3001.692    	  -826.0307    	   71.29216    	  -897.3229    	   67.72157    
   3000.363    	  -824.3212    	   71.26060    	  -895.5818    	   67.74847    
   2999.716    	  -824.3154    	   71.24475    	  -895.5602    	   67.72113    
   2994.603    	  -826.4404    	   71.12331    	  -897.5637    	   67.68038    
   3009.051    	  -827.0193    	   71.46693    	  -898.4862    	   67.69373    
   2993.789    	  -825.7031    	   71.10397    	  -896.8071    	   67.66650    
   3009.464    	  -825.3229    	   71.47675    	  -896.7996    	   67.66626    
   2997.358    	  -826.1074    	   71.18876    	  -897.2961    	   67.76088    
   3006.435    	  -823.8958    	   71.40479    	  -895.3005    	   67.76067    
   3004.626    	  -825.3551    	   71.36185    	  -896.7170    	   67.77402    
   3002.029    	  -823.6240    	   71.30017    	  -894.9241    	   67.69256    
   3005.493    	  -824.9870    	   71.38242    	  -896.3694    	   67.71947    
   2992.101    	  -824.3933    	   71.06390    	  -895.4572    	   67.75993    
   3002.796    	  -826.5112    	   71.31837    	  -897.8295    	   67.70559    
   2998.599    	  -824.4303    	   71.21823    	  -895.6486    	   67.69193    
   2997.174    	  -824.6463    	   71.18438    	  -895.8307    	   67.66474    
   2997.381    	  -825.2654    	   71.18929    	  -896.4547    	   67.67802    
   2998.427    	  -824.2367    	   71.21415    	  -895.4509    	   67.75915    
   3003.073    	  -825.7416    	   71.32495    	  -897.0666    	   67.67776    
   2995.669    	  -824.2323    	   71.14862    	  -895.3809    	   67.69100    
   3003.521    	  -825.4660    	   71.33559    	  -896.8016    	   67.71789    
   2993.025    	  -824.1234    	   71.08583    	  -895.2092    	   67.69068    
   3000.924    	  -826.1644    	   71.27390    	  -897.4383    	   67.70399    
   2997.567    	  -827.2195    	   71.19370    	  -898.4133    	   67.67677    
   2998.417    	  -824.6840    	   71.21390    	  -895.8979    	   67.66305    
   2995.161    	  -824.6848    	   71.13656    	  -895.8213    	   67.71709    
   3003.558    	  -825.5249    	   71.33646    	  -896.8614    	   67.71687    
   3002.460    	  -825.1362    	   71.31041    	  -896.4466    	   67.70318    
   2998.371    	  -824.8166    	   71.21281    	  -896.0294    	   67.73016    
   3001.936    	  -824.1860    	   71.29794    	  -895.4839    	   67.74352    
